1 0.8255199559068629 0.5775978702569506 0.10764971974507054
1 0.5927602634902712 0.7908872900895921 0.9762409857891612
1 0.7458844396653973 0.849580883578467 0.17851380225982694
-1 0.5529676754895181 0.1089042429285767 0.7876049866023865
1 0.8461698278027363 0.27512697696672794 0.6646807296626295
1 0.7324041294010031 0.6801876209679172 0.7101332166439669
1 0.7855212152955162 0.9396258743520708 0.8265676518361412
1 0.9302830196798019 0.42861760063838383 0.6005460400463106
1 0.5481705025853988 0.873385715281089 0.3353362720521399
-1 0.6079839106323117 0.04534702562621962 0.8419832142956963
1 0.5519059886737417 0.6543052539797589 0.5699351918108094
1 0.1247794636307209 0.9344751065257573 0.7480046532827979
1 0.848490864993027 0.441486703612859 0.9617055968769709
1 0.5661790713537763 0.9455907201138445 0.6596570709363426
-1 0.4142682749630324 0.4306613855584257 0.4823504423311539
1 0.9827596436970163 0.23482144635895208 0.35364353268658644
1 0.06304543644367677 0.9934398177180942 0.2728884007373066
-1 0.4091682262935513 0.0917390451819382 0.9657130335717017
1 0.526955810272332 0.9390208300419162 0.340615332558882
-1 0.23099657432452925 0.00419372791628303 0.8986820097087299
-1 0.5499932659592083 0.44607019225322897 0.6341619013707847
-1 0.5795786394278318 0.2118815107079628 0.5759850009998082
-1 0.023407518657629356 0.8501960735897354 0.8700533254357827
-1 0.7059235207572772 0.08559256239223478 0.539996551632816
1 0.586585571151766 0.8385695850147251 0.9456028990585023
-1 0.11766460828668213 0.4396323515903555 0.23753714388146574
-1 0.1879302645212395 0.15009297766212093 0.40545265456387647
-1 0.09044377267186943 0.48828845919969943 0.508472582394234
1 0.22178912485127267 0.9270153015727859 0.9043471526188572
1 0.5552047067631352 0.6778031299892439 0.8636927477957099
-1 0.7937364120990565 0.1402894931862676 0.2380399069514303
1 0.23752507961919922 0.9727169646801508 0.534833379936773
-1 0.5375169153093737 0.3393052593788307 0.003871014609036716
-1 0.19054862750873558 0.7261544051319567 0.09902056623185129
1 0.2678469689839307 0.9225938991073748 0.7047589625912053
1 0.7052948407192274 0.8239233053731226 0.9962198676389075
1 0.908432698755544 0.5326709001953344 0.8305564548757931
-1 0.061620034014932545 0.545194274222738 0.0904460241245969
1 0.8897107990744076 0.18477023053039254 0.9699128788597909
1 0.8340408197998612 0.6507871389475691 0.2847525452644438
-1 0.4251884969580312 0.464364759117072 0.9953199066811769
-1 0.13462483650781998 0.15492071858878287 0.021286226938638353
-1 0.7675235566730702 0.22081918452311688 0.6258364559127612
1 0.4488544543035099 0.8925901568641453 0.9859556554614395
1 0.6490346781407863 0.417802968189389 0.4412071204203707
1 0.951606397742217 0.16877577028949386 0.46089409731553954
-1 0.5347690919807107 0.29388859278350987 0.9969744324584098
1 0.9036868743995918 0.7907574155849965 0.13796471143563238
1 0.9027135334284141 0.24886678358015601 0.6359596120475062
1 0.7744201168221947 0.3146896940277367 0.6089861034778549
-1 0.3984682953452433 0.08850226947289741 0.9196131091835226
1 0.431455616695259 0.8544935293054474 0.05081080355083878
1 0.6531810449830673 0.8088071210905272 0.17893795279693503
-1 0.6263779048763176 0.34265899248217246 0.4945689334714317
-1 0.47494494407056465 0.4688464546115052 0.4838420746560629
-1 0.6070026608145994 0.23718953735073245 0.21417011802385
-1 0.2345816380273995 0.5383712900289764 0.6391853710940201
1 0.7528001677370856 0.6308820046151599 0.43636028148978445
-1 0.01439448898774398 0.7482396039642843 0.3263017843903485
-1 0.5187595124805979 0.25007645547560275 0.7659801346956189
-1 0.3564497595625473 0.5191775927139721 0.6282822609328338
1 0.4963170589971221 0.8464399593578559 0.1350349136906418
1 0.8017795956727681 0.8014949019491978 0.5749720456459138
1 0.4908268488285906 0.7302389154722748 0.17205547211542593
1 0.9083400825560017 0.5687425046959063 0.7557797567295483
1 0.6871371933798254 0.6973179087680729 0.22982969646305895
1 0.2332164763814648 0.7799083825896064 0.7035784253364911
1 0.6277210424845856 0.5008866226884517 0.6678633167264835
1 0.5199374819606206 0.5299797937574059 0.0004770074359705667
-1 0.41449635793836614 0.3494594022404226 0.7935809837052257
-1 0.1340700705456198 0.7276315774903818 0.7435997239505294
-1 0.42002342334193554 0.1997424906953963 0.9799759337836396
-1 0.42324274371865844 0.3007347863720279 0.953020243384525
1 0.5768194250961106 0.5013462506879508 0.3205211371204819
1 0.48247341910215946 0.5477986088336766 0.7189082393643144
-1 0.3364333085543445 0.504337756249762 0.8187792743312204
-1 0.30323915967368575 0.07952658546693514 0.31898942441469413
-1 0.5438463898123751 0.2955502622373387 0.9353284658535705
1 0.5586959665531405 0.8205760610377754 0.31373979653371264
-1 0.1349951195644371 0.31241704194289477 0.7132631261064192
-1 0.8229069877679399 0.08817508740188928 0.1709294514844305
-1 0.34098244899886365 0.29453896032797855 0.46184297951481257
-1 0.09370201084170193 0.5815728938329007 0.5723143659942543
-1 0.46238038786152735 0.13341473056575381 0.9851119623843981
1 0.6245828553649376 0.8944812696116412 0.6347857949532875
-1 0.019290509966080616 0.03642498756512558 0.9669852321326368
-1 0.31070299955024216 0.0335775497125953 0.025514933993498357
-1 0.7322554312291576 0.07100946718059187 0.5031205285619303
1 0.5055521904459686 0.912220492535001 0.3543400099829176
-1 0.07655939858646843 0.6755659964883284 0.8630606086858181
1 0.9592006666860626 0.44160959896221963 0.5565676784375146
-1 0.02959151975445118 0.005075768602854858 0.04174407561937021
-1 0.36134774855886354 0.13409725933377192 0.5301276875207134
-1 0.06977923875307934 0.25358308462942747 0.4586632499638976
-1 0.3820279823373066 0.5295192569755592 0.6825957058854696
-1 0.03670844189496081 0.36692847210575563 0.6166725027420249
-1 0.21231456421345696 0.005932375159223291 0.8091110757177771
1 0.14122032450765587 0.9977033588320338 0.5637337840458568
1 0.7886980114248862 0.5468761267576042 0.4589739810133052
1 0.576404485267134 0.6412720453761233 0.7088181997761969
-1 0.13164709079485393 0.12521365308235488 0.03347936355385783
-1 0.6870804781814998 0.06905823900172847 0.4331016115817814
1 0.6749526716067866 0.7525496550271952 0.651972826034127
-1 0.1692817268950566 0.25520608566025815 0.30670936836744356
1 0.699670359970097 0.5046308419768081 0.5753845705745043
-1 0.14378122766958945 0.682535355030393 0.6257754943513893
-1 0.6475527681653337 0.05103948463393171 0.5941829187523412
-1 0.0696758819975336 0.326155061580926 0.8624816165268597
-1 0.2320884399265215 0.1205127720413397 0.42501150208088234
1 0.9174757459859708 0.9974183164303277 0.9825916157052643
-1 0.4883607823356064 0.46029424431426924 0.01672678993950072
1 0.379594303650303 0.9062833419559476 0.5751687251592159
1 0.7509640380884459 0.7136217378283871 0.6841520831698482
1 0.6412311368685198 0.7156597677451367 0.09033858799704209
1 0.5491995390981649 0.8966814700314294 0.28186770103083536
1 0.9156540003122708 0.9388528322557279 0.4723547844439495
1 0.23133403283880705 0.8601138617025388 0.25145284740036333
-1 0.29198741803655837 0.3169687916074021 0.22006858045214828
-1 0.05654577451235676 0.6098442187545648 0.439182848942279
-1 0.12929212568699833 0.5237685987351317 0.3861339498817894
1 0.44883632517754346 0.5796483886319844 0.5667784028158357
-1 0.07937059764056376 0.1462505074590048 0.710224441356011
-1 0.6087770080540654 0.09731959855193495 0.92032466219724
1 0.7497678775072169 0.6827075966340062 0.9823089697695265
1 0.7666271819023286 0.8946004390464222 0.20449233328315353
-1 0.30643199505819496 0.26126292324883416 0.1115080258304616
-1 0.02402749284386818 0.33756021061930575 0.7821679426859918
1 0.9167237365889948 0.5178651487924494 0.9589645361512985
-1 0.2267139321701911 0.47279244220619665 0.7499833367552001
1 0.201358543200562 0.9912915291057676 0.16548230799418273
-1 0.4058642666656931 0.027711650107015484 0.544243541650624
-1 0.5627293433013235 0.40160067217227136 0.36062408139536783
-1 0.4020386034512561 0.3813782834369892 0.18515973165445476
-1 0.4612825672358555 0.3595412451265426 0.1566434610395404
-1 0.510542163613942 0.3924689644242805 0.5928157798835847
1 0.817975342723196 0.5319688598553729 0.3895474032192672
1 0.401482159413334 0.6463972178190218 0.1960421066693816
1 0.8645317877388411 0.4005886750677493 0.008814408190562228
1 0.6674291706110999 0.8585262092135983 0.17349007037664632
1 0.7937266149106342 0.23932666106912093 0.9297137138683711
1 0.5921993835625627 0.7235835516884307 0.08305266860347083
-1 0.20456964911498454 0.04173535348521051 0.7283533472835051
1 0.7022437341946038 0.5236514416469769 0.40685461110166543
-1 0.2671184646435292 0.16888573431128917 0.667110415034394
1 0.6602810745341382 0.48640693546214864 0.5735325335064856
-1 0.4282442803504466 0.3585897938479512 0.7024298698897061
-1 0.5086015079270565 0.29113056283566785 0.6443334605431147
1 0.9643785230013607 0.6236200751720257 0.499423101486527
1 0.7696813895434785 0.9360532281136958 0.3214535278482106
-1 0.26921540641898545 0.31246768601372243 0.5835261175256715
1 0.31570395954136465 0.7256937512037732 0.7741196953656267
1 0.5369192611935144 0.5903525165025352 0.6653819585064111
1 0.14034464357144405 0.9285376528807879 0.5349090114399936
-1 0.41404721905044994 0.23805704436447184 0.7283984585059037
1 0.8924819181889091 0.6806923180955058 0.32680164637337494
1 0.9928733121803333 0.18714215271966128 0.32163769633081485
-1 0.044613352634076286 0.16312747694091656 0.31428737615228586
1 0.5444603857330031 0.5311362077997683 0.8354383308384757
-1 0.008993057328421039 0.4942223692630776 0.0888832452206072
1 0.9154612850452118 0.8173605849141434 0.5322618353196091
-1 0.2827900449768941 0.07482250211832242 0.5417380031520121
-1 0.3321495609705867 0.15193024488573048 0.5757295385395209
1 0.5882356991163692 0.9717639482172891 0.43263961824463604
-1 0.8090605936537936 0.001098513387655542 0.7906426556539444
-1 0.06876765985642497 0.6720303810305781 0.2125022748969837
-1 0.054316822133943954 0.6755525900016568 0.6814885522609007
1 0.7173068464591524 0.36250322463459883 0.6013190582593697
-1 0.728612676587648 0.23759331143352957 0.6147578973382775
1 0.8113489619323715 0.5364730251843763 0.47903138746346263
-1 0.1596947468995833 0.31915399654904963 0.0338521694657683
1 0.8820972174250844 0.2006690189188628 0.4766876142136841
1 0.9002662454152498 0.23939618151214181 0.3834814481169174
-1 0.24006821907716358 0.16227190461918928 0.060563537917670995
1 0.800732541421159 0.3386416593486872 0.33763031079917494
-1 0.174426015144879 0.7059577675499283 0.15593651640382877
1 0.7482793858239425 0.7198329437019049 0.283386558205872
-1 0.5325947973489876 0.08612050605603694 0.5677091947687495
1 0.8225967335574451 0.4370625069094253 0.07692994703631684
-1 0.5024037965886583 0.3763800390944446 0.4713611474047643
1 0.12100245468076531 0.8825669365242819 0.7013051314350818
1 0.24531422350874665 0.9021412586425936 0.9072120051778092
-1 0.3763195793209745 0.272628176959106 0.7594152319409236
1 0.7403219053695482 0.9283562412010298 0.11476422765006333
1 0.8275374633130155 0.28533897340893744 0.22753567252564888
1 0.7578465364577467 0.6602036110614484 0.605096772308302
-1 0.2424738196782913 0.3759771078165739 0.2906568883778117
-1 0.36018457438904306 0.4172110704397657 0.21931728227933267
-1 0.011587369522788826 0.9550612686550163 0.735516491212563
-1 0.27998639691307925 0.01347358474706395 0.1567830522922965
1 0.7553960477520616 0.6015670264654224 0.6378263803887066
1 0.872949755369356 0.5717745571579654 0.5818188710119203
1 0.7835046894029952 0.4752704863793029 0.6124474598833141
-1 0.4401723943835244 0.44947334227499114 0.2827354649330094
-1 0.200829755260859 0.4280298430327647 0.48388994472205626
1 0.34928280696938807 0.7612938026833412 0.5922552537321382
-1 0.0020089036887069867 0.08653877758799344 0.3412747925181283
-1 0.48031718694659564 0.4366081221322127 0.08314700479222026
1 0.6652301925679521 0.3949008408456566 0.2907953699046617
1 0.6013560630821492 0.689823131354038 0.5528300976400733
-1 0.04147376534157876 0.8992588196031168 0.1727018929306383
-1 0.2831315252635813 0.49866897083138706 0.6306907944160653
1 0.7062518810183799 0.8965097263265174 0.019411591827757313
1 0.8348921656195675 0.9758621999107111 0.7251776331097589
1 0.5471293720842306 0.8917449862526373 0.34173938724391906
1 0.7285916031824042 0.9216464196740478 0.7857962398942415
1 0.519844934738198 0.6029032809407076 0.5287002458968502
-1 0.07179380662455859 0.3620008038981999 0.32314790457760256
1 0.6694005498704917 0.517322254997106 0.3985257561067993
-1 0.07385695920452895 0.5493265299740254 0.31824995960389557
1 0.444149341646793 0.8901183696782008 0.3155140768641842
1 0.2422656857714277 0.8210841379697464 0.2973363687947822
-1 0.0038396245620205827 0.03767309011621511 0.06982722654716222
1 0.6010813143997454 0.4996756530053148 0.14784935986258563
-1 0.4107018850415788 0.27635019541888195 0.2657697096234224
1 0.44650539576705983 0.8362550217370683 0.7247273522865109
1 0.8339937631295602 0.7970119781588126 0.2878065265319222
-1 0.5874650375514983 0.06906163096385465 0.8057278656722241
-1 0.29564761733203915 0.38347105608285315 0.2515548770642463
1 0.228200540169758 0.8028477207884087 0.9143561231804304
1 0.5877423439302927 0.5695148082388476 0.9982042233028141
-1 0.4043491386981508 0.5299233070177742 0.9780846941273535
-1 0.5613353235129153 0.3365299212342451 0.7095181298066414
-1 0.17175884265409103 0.266119139858107 0.9825252111162414
-1 0.3877319242142543 0.5349280766879934 0.7736238855692289
1 0.5979413703494386 0.9163534224233789 0.8142887150609742
-1 0.2511057770235712 0.2800851806996695 0.6836037229684042
-1 0.4629717281588621 0.42816778755986806 0.8078041031096997
-1 0.043777995890193044 0.40938355144425076 0.18485129392029032
-1 0.07310050239368504 0.8408436832874422 0.9286775917039422
1 0.7409567020775291 0.6275055474664869 0.8658471423237786
1 0.8652890157092166 0.6576399040867102 0.3539585525665452
1 0.8062661028079815 0.21607777584626486 0.8930167602109518
-1 0.25519822004429416 0.3986035977190793 0.3696654293397643
-1 0.41400228096671465 0.04427247151878333 0.7448188317680275
-1 0.3994538455866484 0.5706042332641659 0.6243001826491592
-1 0.05458709592010025 0.4835302922914724 0.23079121123441948
1 0.6080671160740042 0.5961037848200423 0.45319304918181247
-1 0.3915676096229771 0.10880721883009925 0.12866561831344436
1 0.6673206480514671 0.4856054685041121 0.5576760284261413
-1 0.2587259104337749 0.18220326995453406 0.4992091648717
1 0.8245278561749938 0.9167901742358435 0.6008740635570851
-1 0.18371937118271775 0.15997550448385 0.7898538075217122
-1 0.3471187344769531 0.48781425839027803 0.8144959742778961
-1 0.1141221552190087 0.7220095305216266 0.5117149526476613
-1 0.33857944510916205 0.26063623583704854 0.7758134596956253
1 0.5154197513919443 0.8076654229100869 0.28855745590744575
1 0.787077627189803 0.4577093185701526 0.41851437474276687
1 0.9359709833423964 0.29390603831758566 0.489381349668885
-1 0.49008276133660134 0.2565500413623959 0.9422453334293995
-1 0.22096393910141143 0.2908473322638966 0.4892917003225149
1 0.8306897413988732 0.5534015708428925 0.5364448941309548
-1 0.4615917843925287 0.09056664054631713 0.43314869325963234
-1 0.44905380711592147 0.07729302034207997 0.6711646490694996
-1 0.26431641825434604 0.4000917051333397 0.40279832870506027
-1 0.15510141496391694 0.6485955785427071 0.5334236689730624
1 0.6713815965382846 0.9427109237734599 0.10488458821311508
-1 0.5835857058776092 0.28587564709780766 0.7231713229502509
-1 0.11066852024540408 0.5404547784288825 0.07862577515998004
1 0.7602402971103477 0.4404961176085084 0.08077223905006359
1 0.7261329785184495 0.3785085964432474 0.6817481484301631
1 0.8129612440992502 0.9812989731923537 0.46173647313843913
1 0.7749133728473082 0.9896205823521013 0.47091666246139074
-1 0.5588553687965019 0.23765889496966375 0.7393340934306507
1 0.6140957775599608 0.4014410682965386 0.4810110008667531
1 0.6293907382948004 0.8465791424001837 0.8626269288992661
1 0.7520907553348012 0.6457908545194432 0.673776995031994
1 0.9581329563558282 0.9356365979471342 0.1234002365085114
1 0.5033061125972672 0.9956401504310848 0.6844903023119916
-1 0.9052379336706474 0.04043611929509727 0.5710811383512949
-1 0.03793877970127968 0.10286828104122081 0.5097523645184627
1 0.4779126429816587 0.5253261796819786 0.03964313079655557
1 0.7476444725057707 0.9978639198156584 0.11633515296041785
1 0.5227985637400614 0.7661568263596931 0.1875266045158328
-1 0.5055819140966524 0.09204113200282382 0.8837389557288265
1 0.7228839705796307 0.4522518549194965 0.9623443391909838
1 0.420493148862226 0.7453507970969195 0.4817650562397755
-1 0.2143391524006355 0.5784258919091408 0.7853572449847581
1 0.8937033120897454 0.13941097801841995 0.6580114145581609
-1 0.19950722211706018 0.23287936909024343 0.6403897361452768
-1 0.21178876846733918 0.44891801283602106 0.7367441135077506
1 0.7385735405964445 0.7406410041016885 0.38941897061016295
-1 0.6838762166549651 0.19376994433545902 0.13959608602708007
1 0.521901323234751 0.669204639311179 0.9730504386443671
1 0.8036497872411793 0.7365734019537317 0.035481215257567644
-1 0.0799398086070704 0.20875709943706755 0.6616441666285208
1 0.8589898064488097 0.684250436638987 0.15622960692318666
1 0.8339700393355715 0.551644282010428 0.9315803802795365
1 0.7172804118222976 0.5557253660694732 0.08281724546024838
1 0.8556318725475033 0.8690419760872731 0.8841910810822666
1 0.39928973714484994 0.8432095200530874 0.7865556177840604
-1 0.1690729461337619 0.013481435038977807 0.7028843432665554
1 0.9164500282687637 0.8578661899324211 0.9589901381337694
-1 0.11044620937975702 0.39702354277388496 0.20833381253734695
1 0.8370526784452959 0.8167345120767522 0.8152534122691129
1 0.3049312177619946 0.8674984541991856 0.7637677617935538
-1 0.11369619609169668 0.20943459219023963 0.27167262784030266
1 0.29787024328285683 0.898194213955815 0.8015667689859312
-1 0.6812937944849472 0.27645475667955444 0.12634903739078474
1 0.7471428492534253 0.5552029515038034 0.5274178867002913
1 0.14073232674460479 0.9053668438817231 0.2692072291401496
-1 0.07505584717176594 0.697173533230222 0.4410884914612896
1 0.8827512960972829 0.8819618334142191 0.2335416492012483
-1 0.25933538590822536 0.09414929093791591 0.39717081818970357
1 0.547991723288126 0.6018119196693074 0.2647992674554527
1 0.6436906020932665 0.4014667444787364 0.5955890209183518
1 0.8885223916959605 0.9490932981938526 0.3781814515221278
-1 0.7850774245456743 0.1178294681679306 0.36884827808955967
1 0.9521635790050024 0.1781896036124817 0.8209367194182172
1 0.25903949202394483 0.8492172726629962 0.5595796442197889
1 0.258320538512978 0.7773607365426203 0.9873429148742147
-1 0.053233932866331934 0.03907357995964034 0.10469255434823177
-1 0.3619533721255833 0.5045077214674777 0.6091409185917095
-1 0.29335288452438546 0.5231797184696574 0.5104578052810358
1 0.4953447346307617 0.5875268447382853 0.9707803272636224
-1 0.25804663914228654 0.2476641056073644 0.5342049000979946
1 0.7966015434197156 0.9311628974273158 0.47779750686180933
-1 0.4454019168404302 0.5095917265827591 0.5220793606208889
-1 0.11643360483211174 0.3285859310041058 0.9062722258981469
-1 0.7746412668743594 0.00017818696760207864 0.9904288711483058
1 0.6777583535729291 0.44263314869879034 0.7780580623112404
1 0.9133796826980223 0.5579280596465898 0.38094369662900995
1 0.3335649782167749 0.6923996100923959 0.7391577075989318
-1 0.5843910100701729 0.1794024151314494 0.8501093210038879
-1 0.24711755941905722 0.3918395915939409 0.6501774143588213
1 0.9965198878402396 0.11489500617791448 0.010902095833292935
-1 0.7179140215162692 0.11552003164145386 0.7755230591367407
1 0.8391801663511576 0.4782378816802677 0.4811804445750901
1 0.9414849024115821 0.8898175825582236 0.4610379162729422
1 0.7691000175342673 0.4310357810719365 0.8331252468951529
1 0.49562127533682776 0.5739360417602384 0.674929616435426
-1 0.18453706942553572 0.7070569168057026 0.5813074677649499
1 0.637289444478686 0.9433585551434189 0.8320375924737051
-1 0.11565965844681503 0.8538954970521011 0.6475942069270157
1 0.6689258748843531 0.6126532317177881 0.059594862724416275
-1 0.525489498125971 0.2981675281070518 0.7343075884803794
1 0.7407060122360415 0.5924899397780388 0.20579431026796602
1 0.9903801160335143 0.9359103896350228 0.06280981395135388
1 0.5397151945049592 0.6658763771000131 0.23890967980875455
-1 0.1403803334332423 0.22521480205591493 0.8979791668425202
-1 0.18410164789861183 0.2761796633845903 0.7754065793659944
-1 0.4505850787441671 0.2733463975093955 0.8880108574728977
-1 0.6148711259345613 0.3730757546526523 0.7444884621518413
1 0.6668865762442037 0.6649725585609279 0.031034748714233507
1 0.9012795671687118 0.9995937330658566 0.6558992256514825
-1 0.02226296274826478 0.4560588178432141 0.23619697170328924
-1 0.46175255373365964 0.39041815158523907 0.025163543045809034
1 0.7791421182924964 0.5505959401129961 0.4785302589122774
1 0.451561696884309 0.786590244045831 0.01057482559047751
-1 0.018448388455199582 0.43806560182317944 0.33968425599126983
-1 0.02729943823738279 0.6305644614793403 0.03346822255441906
-1 0.26925750404752335 0.22981202023125724 0.7843538130788218
-1 0.2343092155889377 0.7020868914866427 0.11567541998215725
-1 0.6717717411051791 0.07904844725651217 0.700991940760207
1 0.9573461207589864 0.7079148842974013 0.34538665659303613
-1 0.39655371093104463 0.2209493998504447 0.036590375575796474
1 0.7284408862321822 0.95401910658778 0.14468348309894163
-1 0.147843496371172 0.17746907303420478 0.5280727068766164
1 0.4093134262268201 0.9244820683335797 0.4061403866621852
1 0.9555610266448007 0.7072432335502867 0.06885497487649772
1 0.5264520347884536 0.6730605954883486 0.47253979875921837
-1 0.333734935971426 0.5101075546295557 0.44632007267951834
-1 0.3180413920604206 0.19191975450648402 0.5221438319205023
-1 0.4031645484546861 0.1431411589169358 0.3799312947157276
-1 0.190960946174612 0.4849608738670411 0.9337097179961469
-1 0.7058547816236538 0.19576200802485855 0.39535719295118277
-1 0.04953864441864242 0.7638347035857148 0.19513846648797006
1 0.018593660346783447 0.9864830457046081 0.2709103747042265
1 0.6959874991221047 0.760302790523104 0.04658953959335621
-1 0.07431226154204373 0.35180288693521977 0.08028835869929785
1 0.8719247300106324 0.7397839741056896 0.38012730026311137
-1 0.6684954868414993 0.01061566296853289 0.894060443445526
1 0.1812890963327629 0.9168292001104621 0.08835408278876
1 0.3205511568210111 0.9292074053420073 0.7551981566578724
-1 0.10610154598804367 0.3281387202746546 0.8641552558231184
1 0.6502193954003876 0.4049139297477574 0.4501497122021525
1 0.40636162911737594 0.9178512079078956 0.04837647022467628
-1 0.7806770096856771 0.2113004661455432 0.5708509605568305
-1 0.3913372795639709 0.2112934847249216 0.5249005191013869
-1 0.13703387225688302 0.40470828961335803 0.905945614885063
1 0.8598869205824605 0.797469915003648 0.9190813377082333
1 0.9971698280651363 0.41794192845948586 0.3443938393690229
1 0.8260198750379408 0.5963589867812924 0.18930700124744315
-1 0.1146531923974603 0.3814893976342826 0.7629695799874261
1 0.9472244957632572 0.3724633305743371 0.17289348916601333
-1 0.21083130519480375 0.6168833434384856 0.46745159140131687
1 0.7601931000215746 0.7186605858108541 0.1424190843943527
-1 0.4665209472639804 0.467425159428421 0.1115677254210421
-1 0.16514554458825126 0.09670467928263538 0.07210290588188406
-1 0.0962835419509116 0.5948349653220976 0.6436123639775483
1 0.8859796430777346 0.22266311141315076 0.6856238294575814
1 0.8761503297164588 0.3426173403269094 0.7436989257853139
1 0.9201395571307676 0.3793609150730095 0.49997137103970934
-1 0.2545927455875673 0.5718125270719786 0.7341959220996483
1 0.4577061556645382 0.5649221300504477 0.36168791741743456
1 0.5436952149141691 0.7793536979421658 0.7226601886277618
1 0.1740887083453303 0.9196275028690925 0.4591897560329109
1 0.8499341715066405 0.2082618628054368 0.43441987641413804
-1 0.7784924500340641 0.0888387976113233 0.03669355248811723
-1 0.08381212181986053 0.7466367149102346 0.7423648484767298
1 0.9088361510174146 0.5978059719624763 0.5251998206895794
-1 0.19300705313816868 0.7449194520661323 0.944718212076461
-1 0.0634681384270519 0.577978489423592 0.19851432374421307
-1 0.44711037434015943 0.19378893629963068 0.3405410988347678
-1 0.027091329621338645 0.19594934059578484 0.616225378532947
1 0.42787364926494986 0.7603971959934112 0.8012021246458135
1 0.6841270529058654 0.6312498344653693 0.14505832011518593
1 0.9509488380047162 0.9170997867633119 0.10772762174009354
-1 0.3388958802365485 0.5163641439902605 0.4517216601494157
-1 0.034316883614493254 0.6836180297110649 0.13279321109268227
-1 0.12365906391165638 0.1217476235490228 0.07871720707651741
1 0.7458470936724054 0.8875281477704687 0.36851354687827464
-1 0.3042047426683695 0.6809516819793225 0.7110129004432092
-1 0.03381273163210552 0.8857093678583489 0.019437129768053896
1 0.4498184499872664 0.8967513319634879 0.5960470754785344
1 0.5493515220857835 0.6437736294207846 0.8350795503058902
1 0.9597674641337787 0.9922249197277785 0.3836841527087185
-1 0.08437200662280786 0.6754925831185616 0.09154871608731796
-1 0.7478402740400186 0.006577897795872367 0.7461929927641008
-1 0.09597598410767416 0.7344792479580198 0.4087530856264754
1 0.8797782410935856 0.9769341437058092 0.2059789252758596
-1 0.1443095046592836 0.4098417403404083 0.25803024854566636
1 0.6326369624898753 0.623289342290237 0.9334224622562757
1 0.10035071693966724 0.9998955613566841 0.06208390365413985
-1 0.018699163976591104 0.5651972397239052 0.42881426775038756
-1 0.22055455654721245 0.18938881689603004 0.2300183999374782
-1 0.2758569468311909 0.09190240233233782 0.3220576697944113
-1 0.30552970812716596 0.23616536826918855 0.15801561629612804
-1 0.05177994579177825 0.5537577285713943 0.46230803155371913
1 0.9791547133478857 0.22067941521119827 0.44026518657218006
-1 0.13513857199119939 0.8237954782455955 0.4490066924034587
1 0.9902276655289721 0.11642189237998601 0.971325007844594
-1 0.31910142191105073 0.5153025221415669 0.9074073733708591
1 0.9719956067348338 0.27210564235021517 0.9121724155956259
1 0.6274209604824752 0.5625853513735652 0.9621540264345083
-1 0.738332902381885 0.12109201010048254 0.10148225679053502
1 0.2046208837260982 0.8762646981672546 0.05313932693726886
-1 0.8018150531705428 0.03578139235410649 0.7838228784185661
-1 0.28827662433918966 0.26720553765282806 0.6966440338705254
-1 0.28281276094408625 0.5990762677582316 0.37941746649252517
1 0.5398549661663131 0.934481517370082 0.13651971180162592
1 0.9187543875225028 0.19996901384011523 0.9444838687903834
-1 0.6930465454420729 0.28317674964984374 0.8027552456600716
-1 0.5749731338764745 0.18567978323959167 0.2963562090377103
1 0.8639034404663707 0.5559674871245724 0.9039999685717053
-1 0.32318891228511926 0.47720767452973667 0.018980756934610987
1 0.8634043643558071 0.26661393822185087 0.9419735650919394
-1 0.2065506943549078 0.7192117906794068 0.8678392171057305
1 0.6218102232252631 0.5458431670213248 0.31414408631439983
-1 0.5670386317437092 0.2925714876499028 0.45774341136865127
-1 0.15323627934258954 0.1746866374253644 0.02437375612204551
-1 0.0028604964819528567 0.19459877710654316 0.899687050598429
1 0.9263940118110275 0.9331573828816597 0.24854681283731472
1 0.5992049686684932 0.6476133454910167 0.6534570974841237
-1 0.33385580744755483 0.1588041017486287 0.35762117677764893
-1 0.45427545590021245 0.26982234504536007 0.7139762459121768
1 0.8808275835897839 0.9969249216252363 0.2731895225864349
-1 0.39209592120075754 0.009476588136719921 0.5344322927744386
1 0.920029841344674 0.8761334304486338 0.8902288501154633
1 0.690155785387443 0.6617567415145972 0.4135528650495889
-1 0.3878338925010334 0.21210961005438234 0.5710398332040124
1 0.8128566223776057 0.7950139990791247 0.6592487956720995
1 0.2860917861346901 0.7711721899111063 0.6400588670332376
-1 0.613427962389963 0.20590925577897656 0.15344393898288355
1 0.8365935621234759 0.5282977808898954 0.7509400661508736
-1 0.520338040469999 0.3192795876787716 0.9236670924714858
-1 0.19368266345218488 0.426007862105811 0.17603042323838214
1 0.47883021133059367 0.6866464055648068 0.29052156322196065
1 0.9344954527693279 0.7679234540444011 0.7164308589492855
-1 0.3172719635589264 0.5596547521324479 0.6663152843445213
-1 0.4793238491280193 0.03978927191345927 0.013164317700224637
1 0.20502654837598233 0.86569931292056 0.49998109787039735
-1 0.02316968979570877 0.2188885998731367 0.6366796400556746
-1 0.25484351572033226 0.32388269733944874 0.9094323963342037
-1 0.401990494685039 0.15766266823831765 0.8418929377164928
1 0.2831210549986417 0.9277580934529218 0.843056358984165
1 0.2530924384034686 0.9779931106638224 0.9524154065092252
1 0.9915779211912032 0.6002977010431214 0.07013176075786354
-1 0.3425436338809221 0.46627920726899563 0.20170984137370518
-1 0.5184630683521082 0.3212989851891863 0.6081030850550843
1 0.5387735526457964 0.6817425755724533 0.23685032744290058
1 0.7478309489437601 0.6831163264157811 0.7503282373035041
-1 0.5377890171509853 0.19901222005871733 0.7695621720132483
-1 0.6392891062833268 0.2773022838480367 0.7078796005962746
-1 0.7488616709437581 0.14195103662546193 0.4070674524665383
1 0.5500103102844673 0.7828034853913359 0.7221391018573154
1 0.5859823886973486 0.45204259974281047 0.941965527169988
-1 0.661058913112504 0.15319832120790045 0.9614845829503039
1 0.9687627439196219 0.9186957312023255 0.035632179442312895
-1 0.505114518709534 0.32529405914411236 0.636143372835062
1 0.4395054027954246 0.8856684366795573 0.38123174768303125
1 0.9569378418118778 0.5502997989114193 0.3353316443124381
-1 0.651381497656202 0.2796443776640629 0.07899194964216227
-1 0.050132187056582844 0.5450666809326984 0.9380546200961474
1 0.9006446947591755 0.2785392813033013 0.27836420573525833
-1 0.07791666404695863 0.693361878038083 0.6746118077101259
-1 0.1024931393618077 0.24238499059081875 0.35949358771426143
-1 0.0672084561788373 0.921022487309212 0.8224874837938954
1 0.8847099194920662 0.8419028600255948 0.5297416896235635
-1 0.6038632972375907 0.0456764204064124 0.7470783067920065
1 0.9746560223958849 0.9862736679188536 0.5215519481144305
-1 0.19341293220309763 0.023634920948595317 0.14579122124351596
-1 0.10384861757899799 0.13421290284902232 0.6378820446621019
-1 0.5989556877091832 0.08812260340191291 0.13076733331587598
-1 0.2612586128528501 0.09787463970082699 0.24370712951389284
1 0.8300487149920341 0.851196293952934 0.05298194969835368
-1 0.5133093514202661 0.23220246069028783 0.6055134614307586
1 0.4199551011249343 0.929439278324068 0.9993861457298564
-1 0.41802860412150655 0.3511467142911545 0.15402878607111725
1 0.8250731135188702 0.3523187610877313 0.7617661741523729
1 0.21080991957057427 0.9777825323516866 0.7507791713137614
1 0.836166562867563 0.6488060675912772 0.1960421514025884
-1 0.39350922979768244 0.4439879988645957 0.9881384671479458
-1 0.006019956428365836 0.3207248886412758 0.5511298985663986
-1 0.43842567593707504 0.303478220369474 0.07560410797566453
-1 0.008524738727821224 0.11259282311565522 0.8256613355841533
-1 0.6133772659011056 0.02729485054178149 0.12759469380345434
1 0.06835012870679336 0.9970225999954981 0.4735046911454145
1 0.9113883113675955 0.37802264043266953 0.29608146742704655
-1 0.09130243177955022 0.023042402760816705 0.6337277385524204
-1 0.5220677866235038 0.1950312322824317 0.8648549259585139
1 0.7806311320643637 0.9331363138304527 0.1667948875716131
-1 0.014248445940623133 0.0420167642701903 0.6735980726030881
-1 0.1783301684820412 0.6331829050144416 0.2582529644476861
-1 0.24763830263004594 0.3693478486552849 0.33004248217040355
-1 0.5092643643970245 0.0036244129251613577 0.13026580772063967
1 0.7706068489733726 0.3123638981483946 0.9093916003719233
1 0.41706576186616484 0.7348412715199517 0.8418967527404784
-1 0.5230212941334716 0.46886816288726785 0.7809011506869125
-1 0.015199492152784044 0.8245055947848594 0.6675089597409215
-1 0.3103772037816511 0.3331573435348686 0.22392670500416412
1 0.7150876420545514 0.9729313924612527 0.7831831188512728
-1 0.4802075170652116 0.20004570662650456 0.8964792428865359
1 0.549566212267585 0.690099690914937 0.3317860987623702
-1 0.008839069893517015 0.9487677855072708 0.2702565438517589
1 0.6553929304004904 0.43718232503151144 0.9757100313736
1 0.8991841632744081 0.18569801047812784 0.4127966516201137
1 0.8886876540063854 0.5553341901535551 0.8635083209957594
1 0.8450394218739085 0.6402007779052429 0.6125781164133016
-1 0.709211430144675 0.168922179986841 0.49367711558800087
1 0.8544263546502465 0.23215478701166725 0.2561685093774614
-1 0.6560527386160926 0.11830498109259824 0.8848181625833439
-1 0.4656289288687486 0.44641860887322726 0.23217789175282466
1 0.9879760686570814 0.07210009300888154 0.7306618162827744
1 0.9357250666728026 0.28858249996157503 0.17082675944490067
1 0.653938047197881 0.46052961145249516 0.4968925662796253
-1 0.4605796423517726 0.07053359263664405 0.301752447088273
1 0.36297455598890593 0.8826842946762978 0.38960463936932
-1 0.18608668362145697 0.6498448605842523 0.005501512985990775
-1 0.1674797583099189 0.27132555891699517 0.27310682570757483
-1 0.30505247057947416 0.13114176547271783 0.3889745353516386
1 0.8603344104398585 0.6738847375871427 0.46087913114600143
1 0.22365429134409354 0.83658583997789 0.6756637794689699
-1 0.38886850874856094 0.2765348092194132 0.29630499276142985
-1 0.12380784979664006 0.5045838894720384 0.44383123390359436
1 0.14307852105912888 0.9550876132824011 0.6450755131093052
1 0.7776086816137565 0.3667519199943119 0.7106287084154987
1 0.9749555000031916 0.8453820883053152 0.34540875100464064
1 0.9764320035928887 0.5742460332458146 0.3075880108565182
1 0.909058113786658 0.9200721115155954 0.44653899540878816
1 0.8253206495443298 0.47797348199096634 0.5772469635748978
1 0.5114998279002769 0.8624463315301718 0.27288787668874737
1 0.8186007896241473 0.7632469770783447 0.4442424923950137
-1 0.2804342963074 0.40051270628955893 0.2899037125063062
1 0.8651635482429907 0.6226753060091093 0.4046522883813639
-1 0.4713796751903132 0.3019870310248153 0.36831009231008127
1 0.13531381916450014 0.9044298942460425 0.7793171386757891
-1 0.1059518776044599 0.08979906837183194 0.5801353614739438
-1 0.29720518436745713 0.4390298100223442 0.7279887854547653
-1 0.01207739014831366 0.2147250255329084 0.9582897696395715
1 0.2965226565839064 0.7499848064318125 0.6629677944823034
1 0.9289326134813344 0.0906739688666075 0.04023880499758903
-1 0.0070057568705349516 0.03415957024688754 0.3119228686827368
1 0.8640582047354123 0.447524682875191 0.9904615053398963
-1 0.07540737895970506 0.7449052295670812 0.11862278057038456
-1 0.3963578001968112 0.4655823504444806 0.7062660912938447
-1 0.2071499707377641 0.6082401805143597 0.3122763999842302
1 0.7651669448298355 0.4825536447350929 0.9320562020657268
-1 0.4236924457162736 0.5542441087048542 0.0033327876932602862
1 0.907512238693373 0.3961889612706162 0.657753351052312
1 0.6305195100601539 0.8004745766990632 0.8812242684783447
1 0.5625560052924675 0.6683916845590798 0.8966863077484416
-1 0.5826038196399957 0.20986263679987416 0.04198850478054317
1 0.86072089078821 0.9770673304391294 0.5089690282418308
-1 0.051152279725063754 0.1142369555281576 0.4676486429911211
-1 0.14777189547847713 0.05172346779680892 0.33899323818093874
-1 0.8007462452034968 0.0907486371804801 0.09319392304013974
-1 0.12610238121811157 0.3955005377777071 0.006114926003902843
1 0.5326912272221297 0.7866599300934966 0.9855692164687052
1 0.620405524081669 0.46960804034116654 0.6184062700798306
-1 0.03257126546826694 0.20771802208359702 0.5221402402850458
1 0.9397705530540333 0.3580221797004872 0.26666590963429715
1 0.45795341002095813 0.7838522674783747 0.33890854128002323
-1 0.6431596308320171 0.2413281106431251 0.004945579741894468
-1 0.6623331452205811 0.18294220429143837 0.2239643165868337
1 0.6006423879951712 0.5936859905873798 0.6241892828924759
-1 0.3297490824435334 0.5061372643422948 0.5373173641555484
1 0.21768878176020978 0.991395117473722 0.7607087043853561
-1 0.08314693288226671 0.12031669688185465 0.4125684386549807
1 0.7379063512894412 0.2706458817284545 0.5283831162946497
1 0.6678777308894135 0.45479541532074685 0.9680878490136094
-1 0.6087830850384042 0.35927307419894217 0.612987198675584
1 0.7478448162426379 0.7117235326532774 0.5600673472367588
-1 0.1294567019698296 0.00955459026347416 0.19377576399146235
1 0.5283618361208771 0.5978222094020864 0.8253169012905645
-1 0.07982775214281468 0.7051088075355543 0.03455695086969324
1 0.4901595345359455 0.6266993264411354 0.25888299426356953
-1 0.058156691265992544 0.4965997553735164 0.4304790981769663
-1 0.013088819951660446 0.7527906312914924 0.5317992934221754
1 0.1396483494790175 0.9414029054459219 0.32083291908036937
1 0.761417102104403 0.4666353747261741 0.01301732404912681
-1 0.9004450388004029 0.09921182948006901 0.20262714767444745
-1 0.49536163425005353 0.4107690193795328 0.057344990047658695
1 0.6100448056126918 0.4758298344697762 0.04459159380236577
1 0.9938066742434245 0.7384735955313039 0.9437663178918467
-1 0.5586973621122177 0.003812287006857429 0.4202979927564918
1 0.351721242988169 0.990119123092949 0.9181396355480845
-1 0.197308998893288 0.12362988444556178 0.5559044882712901
1 0.8495312852660998 0.635343039369753 0.246355551464003
-1 0.20381370215540107 0.002275557046265586 0.014924235381018502
-1 0.5781875218453065 0.0033299953883692 0.012874296204545499
-1 0.21265361592096377 0.5744134077671037 0.3339739010163133
-1 0.2713085027897678 0.26968078564473663 0.6942222112583322
1 0.8080460273138713 0.9136797070184384 0.7910088571289706
1 0.5956152606572884 0.6651610004728528 0.739502453020993
-1 0.08321154234538497 0.6789833735409021 0.3111021580772463
1 0.35023903672940515 0.8069572727419778 0.6437534605757363
1 0.5655486429485671 0.9256821533672341 0.0044353445297355965
1 0.3407153226946058 0.8313982604881172 0.0963703675816533
1 0.5436214394875657 0.7759104836328371 0.6056784842564047
1 0.7196695183313971 0.6520639921617675 0.3447180797625883
1 0.9428076939882883 0.6543774312215775 0.07604883089848535
-1 0.10899379607739423 0.4418651304176652 0.8382029593218532
1 0.8976634389968421 0.8862742712405537 0.706585572504667
-1 0.3296861075848162 0.051716776843382495 0.7799801585869466
1 0.9591258785080994 0.11409399840232692 0.13891364952448892
1 0.7554399899283036 0.5583013268536907 0.3140089839490985
1 0.40354817130358533 0.9164482364955997 0.32205909565815427
1 0.5689260911512252 0.9824120145411634 0.2776334334273014
-1 0.5524916181819228 0.3516363705540526 0.12240408135027836
1 0.9760868975014627 0.5970430363396292 0.19943151387795766
1 0.8851744713740489 0.8238635503234881 0.006142138152796295
1 0.9153801841598572 0.7344189682718416 0.30287815712004784
1 0.4302167154537938 0.7459169357859171 0.18576756155679608
-1 0.21475838349410725 0.09289408249892606 0.5958878932238547
1 0.7331497381928924 0.4782014840330946 0.5595940558684489
1 0.7177753581990683 0.9220965389197525 0.8736617768169012
-1 0.09963117481224748 0.3199987750409615 0.034470746411811914
-1 0.30001790692063424 0.3421340487680955 0.47679926297728226
-1 0.24799247960390103 0.3199717320333896 0.4417647027909256
-1 0.46653215231485434 0.20124510528583484 0.08049269432643069
-1 0.26137595989818485 0.4542307607485335 0.0413577986871313
-1 0.1770927160454947 0.003683754484064883 0.13833875406988227
-1 0.16302462913390248 0.046694426634321884 0.19935775887321605
1 0.5523150874848312 0.5220539656339209 0.8517127528300733
-1 0.43075825028632875 0.44137996365444143 0.6799857649403587
-1 0.010121390095280902 0.09541556353863534 0.7977819449889078
-1 0.03270702534437209 0.6012922840243885 0.9017261981098048
1 0.5471756233503107 0.5541107811649465 0.25317014014205685
-1 0.3135291494235459 0.2563221992397068 0.6164511881794922
-1 0.06628392232141256 0.24009180713546907 0.37623890748308986
-1 0.6921919826592292 0.17487174716253007 0.10528771779266932
1 0.13095105752048675 0.8803012732933796 0.9372066435343799
1 0.6070194967299762 0.8119140692931371 0.71941561535191
1 0.6294380751588832 0.5776237572833639 0.10109461314785395
-1 0.7037861245560734 0.17591236619274364 0.14691315131573301
1 0.7650025604326567 0.4436656349812149 0.6092458397295146
1 0.1854851597772239 0.9277991111221777 0.00685414668908535
1 0.8278803711370823 0.24162686698770353 0.7258309222350987
-1 0.1665189355645823 0.5480463065593864 0.14491459640504822
1 0.30317584451137036 0.8328779612281598 0.05580333393880055
-1 0.23959178827271832 0.6010716915283745 0.4929519580522608
1 0.8008324078250737 0.42888872837398695 0.21713659509801664
1 0.8230636983638439 0.22452877847278063 0.5324171807197013
-1 0.4749180352799446 0.30930118877851953 0.06405864671338646
1 0.9826575043861033 0.8273646716957707 0.29506115505855346
1 0.5403462277338288 0.7440697443911594 0.1354178619669294
-1 0.44489590538063184 0.5487330701615776 0.5730314895667239
1 0.8492614852515203 0.45991154865912787 0.8097161327467872
-1 0.9476527256980832 0.04522939348602251 0.23768042913703302
-1 0.0975728205289591 0.6641802059567102 0.5624764211538507
-1 0.00944902949495785 0.982134250412353 0.7487692461714657
1 0.8483260953900396 0.6505486148556775 0.44661177493494497
1 0.4075828081720114 0.8757199979551239 0.1792179068082833
1 0.6799666232892349 0.9596542179846076 0.6238002471618458
1 0.9853596066187703 0.6920419397568304 0.24493278287926346
-1 0.3316951135290438 0.5614344012655859 0.9699894437666168
1 0.8831929376511508 0.5644047857104815 0.7282784066227154
-1 0.12797678520289713 0.058989638201336514 0.12246974237684405
1 0.9044680675514631 0.35465558850253065 0.9436221079156748
-1 0.07193308173871393 0.40358052654138243 0.8156641164506515
1 0.5863250766620786 0.6734754044589348 0.7449768803240993
1 0.811119453786945 0.671730154945388 0.7493127678500864
-1 0.7497018757793588 0.13333499564115747 0.4770498615634582
-1 0.1277078266191679 0.09533031269937353 0.5101067412184049
-1 0.34458124949860425 0.37697454395819796 0.48795017277955977
1 0.6874954384059849 0.7075814976801099 0.33153344923980865
1 0.7919325468008394 0.5940311485579958 0.11402767108920708
-1 0.3067555816908857 0.4386660392956908 0.7331145366380337
-1 0.062023532872455434 0.8932118776143448 0.0033182078923499336
-1 0.6296626397618706 0.04089793223265048 0.944091634154625
-1 0.6523527016678418 0.14366390488312886 0.9454397702155455
-1 0.3229245943817579 0.05604741268676183 0.8349878437753275
-1 0.20093730104936935 0.3396859191124071 0.5371629968282078
-1 0.010891735562517102 0.3245523599371787 0.9195470550233981
-1 0.3662135070836705 0.15172039661240455 0.08815676900950753
-1 0.29634428980571736 0.2716733963780028 0.4318167908688433
-1 0.4380374239723792 0.23582549105570394 0.5249362174822566
1 0.2047095034442662 0.9436368626501943 0.10458465618627721
-1 0.3337289575476373 0.1262949962036718 0.8134806046198989
1 0.979009285150336 0.489795225742933 0.06318282374545658
1 0.30061115807779903 0.926319893048483 0.06003277825306497
1 0.957882146191477 0.6670836343385426 0.48323007285633957
-1 0.1314224832289831 0.6681981080301501 0.6576257214918256
1 0.8285046944121781 0.7650677740497451 0.2679237769585665
-1 0.14166134254288887 0.26209575878490776 0.8675328987426547
-1 0.34662426025977733 0.045081949854916314 0.9442352775137921
-1 0.2803135703714549 0.14432707801320843 0.6322309612150704
1 0.9783823282902939 0.38183183097446327 0.5312813273166601
1 0.9299231484719015 0.1347848020591157 0.8471413080138047
1 0.5474135727243864 0.6864431744700741 0.877743439530003
-1 0.6987273372747228 0.24333743306294175 0.027190114907906127
1 0.666666569055527 0.9618742447814178 0.046601713654889965
1 0.8256987356083197 0.5246562368018413 0.9490556581468473
1 0.7207494571140662 0.6215781989261541 0.10964188566789812
1 0.7581822659576357 0.9749435276979261 0.859000068452819
-1 0.277798855308961 0.6651649457427299 0.9094562475335931
1 0.9135407610577082 0.3235947588151302 0.5383663156236819
-1 0.19103393961490767 0.06371511919732642 0.0807486397289402
-1 0.37682192734866204 0.5008793694747439 0.6676436399738701
-1 0.15486682818746877 0.5030661277143976 0.5119592642978403
1 0.9458311794718597 0.510802855135542 0.41298716040142036
-1 0.7577627118135454 0.17575745066179715 0.040518116889328604
-1 0.4647197256526481 0.1368125364706967 0.22500687440464673
-1 0.43769949709560074 0.22124851800554024 0.31591498650207805
-1 0.23375593033688946 0.4496024377713669 0.38846670629708124
-1 0.4655921062797662 0.3778904809446155 0.8313481562973175
-1 0.6119801797968761 0.03768165284187974 0.7716143481483533
-1 0.2922232990037852 0.34599583054713445 0.9882584077290016
-1 0.3422805156488483 0.5600683736360739 0.9574201563083364
-1 0.33029340985414324 0.048785923863239544 0.7289366728719278
1 0.8371374314970645 0.6007772784528133 0.6699356044763528
1 0.7234375211236664 0.45918437343501795 0.894991756901607
-1 0.1585282523392212 0.6307231211690767 0.5930521700630091
-1 0.19568222592341644 0.6042037700079911 0.6495177029862718
-1 0.04166279348415369 0.8120619398143604 0.3259091507254227
1 0.5216970338246409 0.5091926212642216 0.4432259204217358
1 0.11977382174277862 0.9873139817219866 0.1594065736360626
1 0.8016361501171017 0.8289020613917488 0.2895080931584366
1 0.9414180273196862 0.13431666311887802 0.5833981578103616
1 0.8838146267255461 0.43076263373282986 0.8591465126244091
1 0.8622572223634623 0.8427835318997097 0.9411736484779436
1 0.8040105807673176 0.4748219835974612 0.8058245416560758
1 0.829038542751545 0.9320510237935578 0.6520098236623768
1 0.5746222098814469 0.8889418858211678 0.6861210539887369
1 0.6734641680356516 0.43184839574894884 0.0032770585533843377
1 0.9523458632353742 0.5477371717355961 0.45979620884919714
1 0.8649075950846422 0.23557534715607908 0.31375475633923966
1 0.9361479943164899 0.8632048956169439 0.5128609103631566
1 0.8458218880054379 0.3222725367300361 0.712293199967585
-1 0.1984220414155452 0.2044711959145944 0.3709528837635435
1 0.9562126945256482 0.13581476203644616 0.724372257180361
1 0.9847933327881525 0.7363870012008783 0.555066997694486
-1 0.051574892151482365 0.27620609845416644 0.513412263549488
-1 0.1868924926022728 0.13260030693946145 0.33048098790717406
1 0.4083567117238768 0.6802260813487547 0.11919380597696494
-1 0.11107102389384338 0.7850227699103562 0.37147923762243107
1 0.717808245199252 0.6893813134622815 0.42242385486040135
1 0.949544414367853 0.6368101184473779 0.035871730552488046
1 0.35093678335606737 0.9901530492382626 0.41478036112455796
1 0.9047582997488515 0.10155253193455638 0.5598586537508142
-1 0.3121208176616532 0.5667362847056957 0.6265549121550588
-1 0.1964163131433807 0.290846894413327 0.6748483676017475
-1 0.31001694910363353 0.1997619957250114 0.49394975934274266
-1 0.09267836169408483 0.1259049686246081 0.082399783749597
1 0.09568773626242766 0.9423629279333039 0.9686835507388838
1 0.5082509647035566 0.8425476810952826 0.4158068998413027
1 0.8092578704853063 0.6887825464183907 0.5737598956564848
-1 0.08866941819500229 0.568284063858198 0.7705106792312159
-1 0.2704724260225708 0.10551275711638752 0.295220194949288
1 0.8422059866568126 0.9215543268635961 0.9878223961550073
1 0.9301016288277397 0.1659932085574114 0.9857861934199061
1 0.8904276252017889 0.24613593752833152 0.26054170952160793
-1 0.1347320548892148 0.5022594535714101 0.38024046520371513
1 0.6861013165449074 0.6555887533375951 0.41978758956221973
1 0.2574767694564032 0.8973817525182372 0.23681246487433139
-1 0.4658101575446739 0.40158807313348943 0.268808438617798
1 0.9778086049290909 0.902199804807888 0.5162563642836544
1 0.7005349206293523 0.848677315939464 0.284112740135839
1 0.9690114865438803 0.9471350462469319 0.2910915639874041
1 0.20999132678567656 0.928389045169402 0.07542671787219102
-1 0.5389264054627009 0.12817310796287484 0.9797508779145023
-1 0.31726200135512517 0.036981906266591924 0.8319148766824975
-1 0.4762954218010993 0.26111382846659836 0.10196830463757056
1 0.9346394867035356 0.5711771700747651 0.5298230985524177
1 0.7300352321911343 0.6687990082883812 0.9917236042231207
-1 0.2372348435715076 0.01815003796070902 0.8383250251658401
1 0.6294157757573167 0.5306723950920815 0.48702171089793767
-1 0.18766963696038153 0.28026446106209146 0.8348390402921427
1 0.5979854064282942 0.889537939402515 0.7225166769249369
-1 0.22693581911085248 0.3543673958842013 0.4409802416132913
-1 0.08976629769612654 0.23887442318597985 0.08598188374702087
-1 0.30594336101741915 0.49562609286021375 0.7012579771600201
-1 0.0218380083380455 0.6081619254588523 0.7341986729444422
1 0.8455735181911551 0.24151691921599971 0.8747987324624488
-1 0.16342240130352315 0.2044515816536978 0.7297383805147936
-1 0.5703651044798645 0.3251865574245587 0.915176260628215
-1 0.819990625773787 0.001064925430303787 0.5576158340229249
1 0.8909378789741171 0.6728805520959695 0.32645902381138603
-1 0.14611627660495174 0.20921319248265902 0.3601017191186876
1 0.6939618210571914 0.39549593367450087 0.6540649771201076
-1 0.6477434374266001 0.004127742232727938 0.5219159062425902
1 0.4623109584271198 0.8245943092797829 0.7512518910415318
-1 0.34238117985548366 0.26224180432425903 0.2944129634333156
1 0.6061028099963945 0.5811551890358743 0.2679387328868489
-1 0.9058683061868948 0.051657134219188716 0.3791419571607826
-1 0.20672346710091383 0.045838156026421384 0.5150430904041875
-1 0.0924696614563193 0.7807373101100428 0.1953867099040063
-1 0.36816480196877543 0.5283194253502536 0.6447772081370825
-1 0.12404641877885714 0.5138641074369937 0.12865343963155895
1 0.6625329681491323 0.8848056083628515 0.7639922595495422
-1 0.6271120455191036 0.27697068893768473 0.5032798892006454
1 0.8596998504915676 0.7554834193006597 0.30581326857448077
-1 0.6689739933129726 0.10985787913016232 0.8514720335376817
-1 0.8199867040346152 0.16653809531966812 0.3240292103574771
-1 0.030479555181694318 0.5571314540299993 0.15909569848015725
-1 0.10389416311416189 0.05489182215260746 0.46722883507717305
-1 0.13734111124489745 0.16372516430351847 0.5806804928232425
-1 0.6128320085224375 0.16166332317225995 0.6771518535648856
1 0.06143422592525283 0.9654358586626783 0.07259176704668624
1 0.10794643387056935 0.9700398444233292 0.3116547416722978
-1 0.628612723583236 0.0007350921016465728 0.47155392611275826
-1 0.9403876249094203 0.01818800994154346 0.6307429850246516
-1 0.0001603847123574642 0.1937510158669935 0.05637399647403829
1 0.5452706470061212 0.5430340920356783 0.0925802505599681
-1 0.34539898229714017 0.06294716434472047 0.570029947126461
1 0.4942706027929822 0.8868795863151147 0.9561037220825701
-1 0.3451247590871287 0.578820599623691 0.09398319307419067
1 0.24691865370650334 0.8632029898529099 0.9297600363165689
1 0.14747612142128141 0.9673814668585579 0.4008934415073693
1 0.8263922403108619 0.31527674296489483 0.15949045405780948
-1 0.35294427126925376 0.11602452526089146 0.9932484038768472
-1 0.27255159240033855 0.309478396536634 0.5701488707002755
1 0.596860115538342 0.9497983949669049 0.6012566489650374
1 0.9518472669131892 0.16213697510887182 0.03530193358021094
1 0.7193636905652117 0.4476586104207896 0.05824309214183998
1 0.5726578491532597 0.5792542065497333 0.7805415741778903
1 0.9181188956052267 0.22013020753775503 0.8275200476541039
-1 0.6256521014173582 0.3518721064739614 0.6623458945547298
-1 0.20762945159793145 0.47786048581340523 0.9925330209681709
-1 0.2002697264674106 0.36449650536814704 0.47168534546144625
1 0.9964632428635908 0.49003761485640795 0.19387116094937606
-1 0.02374239878151585 0.6294048746527087 0.9557984097751797
-1 0.07143365908660626 0.28937144780454604 0.7545191655869804
1 0.47205834076260955 0.7574939934632554 0.4184593539078313
1 0.6085792991719715 0.7603097460354102 0.3230949350274931
-1 0.2631357439655637 0.24601574498773837 0.970736034922892
1 0.7662243655072347 0.8929243565657178 0.5388857289961805
-1 0.049159093217146066 0.7916776783631743 0.5018820220886362
1 0.8508853631939568 0.45828569516675366 0.5299513120888714
-1 0.07596258298060088 0.6729448688712691 0.1562437526488647
-1 0.04358979279023856 0.6494109109435595 0.3915248388691328
1 0.3650855534301448 0.8997790808865835 0.916575773554949
-1 0.3271863826228858 0.3827810393550599 0.4806892258929575
1 0.9190930278332727 0.5904263669950233 0.012231115874137721
-1 0.3792884710990094 0.33409996353097526 0.9463560964419048
-1 0.2466698640403141 0.30788102831126873 0.831741428182454
1 0.4217902564500481 0.6978162563604913 0.38354861665329143
-1 0.4078682105555149 0.32783830898497 0.0933634027422704
1 0.4420135841862134 0.6107023014804926 0.2864216664892053
1 0.8203542065951606 0.8269234600236173 0.11589991796045163
1 0.5763524771141978 0.6581186945565953 0.8392319529555126
-1 0.1234688558019591 0.30286842575018924 0.4924140147912234
1 0.6928799848745736 0.8126418609091819 0.6359006232934608
1 0.9285217298983259 0.9938800502134589 0.5938289674838612
-1 0.40059946317397654 0.5636194361726329 0.45035262336751447
1 0.7422978393153835 0.35367978948918233 0.18193878285984177
1 0.15573856636870542 0.9868634075054983 0.6010333362102221
-1 0.4108594100427462 0.5718675563610927 0.9364239694827573
-1 0.6865172245916624 0.17043442607172632 0.0044628312709292794
-1 0.7968837108931912 0.1027065370210174 0.40698703711184114
1 0.8854445777233595 0.1944287814016642 0.49331815941469614
1 0.9355663992360416 0.757266151390233 0.01400003620192014
-1 0.15446580168697732 0.7155150168936002 0.4155420670781248
-1 0.2609419078614953 0.10230901512656243 0.8482044370063813
1 0.15710075147963698 0.9661915919674114 0.8700849971672765
-1 0.10235267940039627 0.4426277514132946 0.22349462970145673
-1 0.3384680234120523 0.21408095970936625 0.855011669849074
1 0.7835830960101815 0.39240533731506855 0.19925320488512555
1 0.7236518214729609 0.8477418627858841 0.5306460663348954
-1 0.2242274465098021 0.005892791319009549 0.2694556625495299
1 0.9662828573460005 0.2480570442572525 0.9682374968296495
-1 0.23745178100565378 0.0028256929258259067 0.6597527956129184
-1 0.18591673484953475 0.025255815875325327 0.6308534590702761
1 0.9215494617058583 0.5414406172207694 0.3156264293324005
1 0.6604761591858967 0.5893188183560925 0.47190019277493345
1 0.5325350440590199 0.6498401664568279 0.05727140597845615
-1 0.3577411260340898 0.5388778155158594 0.33224722421849384
-1 0.07354625191948128 0.6574617091661134 0.06532709504237777
-1 0.3792422910289951 0.46172081092640216 0.37330507294199866
1 0.5006128364927448 0.6868480343415427 0.8362038391604795
1 0.8108128112911771 0.9839705857483173 0.6532045346120652
1 0.5170424299538594 0.62838737531524 0.29908795178791625
-1 0.4173620409017037 0.45312206388452125 0.3311920277124508
-1 0.1732037322758203 0.4265581249765322 0.07478578241675682
1 0.769054703920305 0.9952090059339179 0.03108690845179385
-1 0.14402654670867232 0.458225667268905 0.96694559559841
1 0.3525215138076586 0.8618084880579923 0.5588653118801239
1 0.9433834960769506 0.5925129738612754 0.3954804799685955
-1 0.1654954389863722 0.31999612621675266 0.8719406519088696
-1 0.47239923466154876 0.05818826987647274 0.4435691653887288
-1 0.07256282008412629 0.8060383307486672 0.4394512227446571
1 0.899955259845278 0.3032457247244108 0.30075107610991647
-1 0.8595887246582848 0.031090460870377923 0.8691290771905602
1 0.8606911123407878 0.941108261443668 0.8658758249931708
-1 0.7873472121064253 0.09154034908449538 0.045080802120035623
-1 0.6717797539637753 0.05594004546876963 0.4930044062069485
1 0.5605888639921465 0.7694092422016907 0.3478948646921868
-1 0.07794859943737564 0.3998223905723146 0.665716379200425
1 0.561106287711015 0.7433735332639766 0.06325701736252476
-1 0.5265094615932567 0.33940399581924274 0.37201574247560976
1 0.9460396738335576 0.5961520826449221 0.375747561615563
1 0.6510523917520629 0.8105613354532912 0.36599808167807857
1 0.4715667497886721 0.6507984574176767 0.9994458541464406
-1 0.5260800775924299 0.08700393912159876 0.7520087654700288
-1 0.3967430306579671 0.5493819476013057 0.912636046423793
-1 0.0885294458777337 0.15514378589210476 0.3782174313009524
1 0.9587890107688608 0.5689224080559365 0.9504481333763712
1 0.606526482984202 0.8977562555250853 0.41230042017366864
-1 0.3865078716277335 0.16049179891680054 0.8163351348894142
1 0.8746096300424627 0.20198642718827475 0.0037193643096041784
1 0.5744592630272626 0.980769713282636 0.46307129022392013
-1 0.1873375149030725 0.5696671678801384 0.513795300950844
1 0.26338777349066067 0.9067222285668 0.36369095790237205
1 0.8892347102654247 0.3617354380809883 0.8803585500164414
1 0.9012538931949806 0.11620415549201346 0.32820762809722903
1 0.8138610148442686 0.3866231075893337 0.9400868939429455
1 0.8702846635044925 0.9281837915868879 0.2742100791851746
-1 0.10268977951458047 0.00924197452950215 0.7073689244121959
-1 0.27387772949931577 0.04184838809278202 0.2766557120602239
1 0.6055970615805533 0.6634318114035118 0.8679968847170695
-1 0.3915266008567011 0.27765003786914466 0.1610882113747205
1 0.647427057512157 0.9080002563003697 0.08054937720008715
-1 0.6676718712702926 0.309009821198976 0.24928077798241421
1 0.9912162887032419 0.6693160393196902 0.8571793475528329
1 0.5427565611464374 0.7715437019210292 0.24999781826479794
-1 0.351611560701238 0.5571152813252342 0.6358527556606706
1 0.8141979034705407 0.6819686736791526 0.46095125082099986
1 0.20110404766753764 0.8780902715587149 0.9044481903848184
-1 0.0020160464216310015 0.6040426769637679 0.15567219225825735
-1 0.04732315348348548 0.46840023735153213 0.035357600383635
1 0.17445241978627435 0.9546154945278308 0.8126895556104042
1 0.9589254962647477 0.795945360881443 0.1321469530900583
1 0.7795985415012353 0.25980785585052757 0.23050676153881555
1 0.654384603729062 0.9245251819287909 0.1673529284520433
-1 0.31748030596563726 0.2940653728579157 0.8929300035305999
1 0.9820158262027473 0.9507172515406717 0.21416411469025798
1 0.944317006155646 0.7795952606884641 0.4319205372224938
1 0.32629095474889014 0.7955383815120437 0.7273407866841451
1 0.9038937225910206 0.6479945572105676 0.8794035090640441
-1 0.3043598272250343 0.2906568637179334 0.6998689802382907
1 0.3833393386668551 0.7949320414838238 0.5966413395413386
-1 0.1377407528457114 0.6091152231008058 0.8452370217914109
-1 0.17692791678009345 0.09307142302804439 0.8187146955979148
-1 0.42630567311489065 0.07409413357265415 0.9782046827512071
-1 0.1431750725575911 0.8281193515020158 0.6223314190338518
1 0.49977224973809964 0.8187453003236312 0.19724377015640793
1 0.815204982801198 0.3331932746278434 0.7426452370813965
-1 0.1518846726539541 0.24713252182553136 0.28776090390264486
-1 0.2183698708248032 0.013285603723011241 0.7220786965485165
1 0.8402121706715584 0.44194148568345204 0.9106314917632509
-1 0.2587086981284119 0.6745210696768059 0.4037671693297711
-1 0.1576543212453071 0.18876451837531005 0.5242318336929824
-1 0.2248043289193158 0.5205690305103651 0.51785294410809
-1 0.07504778372728027 0.16021524319323688 0.7101660756762634
1 0.7459132248253775 0.9958338005814609 0.0785729208050624
-1 0.5347470230869117 0.010576982787245726 0.30413404905405306
1 0.590982191262947 0.951201761346712 0.5088538380113559
1 0.9328259781810317 0.9183203685841353 0.027011645189535693
-1 0.44267604040611597 0.18371929292228806 0.839212895723266
1 0.6140283288588216 0.9233691098226634 0.1935566088141346
1 0.7032622561236306 0.9655714385579005 0.5931573034035592
-1 0.07801913270874372 0.30419174319396136 0.6066907080627464
-1 0.20199540392154625 0.30826330116637013 0.5590159973193339
-1 0.7839833135367512 0.13282729431492646 0.16977746596619803
-1 0.3290865206458945 0.11415570768748151 0.8333817807856572
1 0.6282279222025177 0.8902176026716974 0.618758698458665
1 0.9212780637553134 0.10701812295872004 0.4531773873583239
-1 0.07001025959374074 0.32352335116426245 0.10593764714036424
-1 0.09656724252960192 0.5286007458027291 0.856171711382142
-1 0.06732031880400546 0.7069119372624086 0.7470242227014036
-1 0.669685820784307 0.27988380797159795 0.6947684433637455
-1 0.05924952382849891 0.8236380685188306 0.40609370132291556
-1 0.7706171100128458 0.09761473478741012 0.42322908101757284
1 0.8839856080305957 0.18978374894604833 0.4765585288017382
1 0.3981308190690862 0.9676532903309115 0.3353371467724007
-1 0.04629527910341369 0.4705362493838888 0.3678099877367462
1 0.8231232950191942 0.7513118624645193 0.3067857881765046
-1 0.6398783418741576 0.23465902695205554 0.2022596471296786
1 0.35883141275309394 0.7247238980563948 0.12183044574230284
-1 0.11844301490528675 0.1122149650811396 0.07375990793780696
