3
-1 0.5601959773339331 0.5534258647821844 0.33512438694015145
-1 0.6354797028470784 0.5480863919947296 0.06523803784511983
-1 0.981695055263117 0.9355326360091567 0.9051204624120146
-1 0.6889227863866836 0.29640093818306923 0.04208351718261838
1 0.041182909393683076 0.42142881103791296 0.1641045322176069
-1 0.21426606830209494 0.3745821744669229 0.6057009517680854
1 0.3098500198684633 0.7335451778490096 0.7351190275512636
-1 0.9107173618394881 0.07324691885150969 0.807198430178687
-1 0.9984347857534885 0.8431970255915076 0.907892286311835
-1 0.6620043239090592 0.004400115460157394 0.4155348448548466
1 0.7293387891259044 0.9817636138759553 0.16194503824226558
-1 0.6460351152345538 0.8806678981054574 0.49574311450123787
-1 0.3218227378092706 0.32916242675855756 0.6150588830932975
1 0.9527221203316003 0.5435238480567932 0.8928393837995827
-1 0.09730120818130672 0.14219086826778948 0.5573524993378669
-1 0.3076585056260228 0.1425782097503543 0.7682454297319055
-1 0.6125973239541054 0.16402901918627322 0.3900722071994096
-1 0.5751081192865968 0.3503986473660916 0.6461723756510764
-1 0.38776452280581 0.3658738115336746 0.5622159049380571
-1 0.5928448438644409 0.011457320535555482 0.5000911951065063
-1 0.5158787092659622 0.22480656206607819 0.15034871129319072
-1 0.7902873477432877 0.02058613789267838 0.34887610911391675
-1 0.734245722182095 0.5753748873248696 0.9997597089968622
-1 0.5988668790087104 0.6844573332928121 0.7665576951112598
-1 0.9981866856105626 0.3132237568497658 0.5800699656829238
1 0.34388591605238616 0.18391329678706825 0.7922453349456191
-1 0.7869641138240695 0.8505602064542472 0.730714162113145
-1 0.23035062896087766 0.4222979412879795 0.8977578876074404
1 0.4589311261661351 0.5430120825767517 0.40305284783244133
-1 0.5361188827082515 0.21669685235247016 0.06933807814493775
-1 0.8620051769539714 0.902512758038938 0.5212394879199564
-1 0.9963572153355926 0.5043978269677609 0.507507577072829
-1 0.7578553918283433 0.046016751090064645 0.6831461929250509
-1 0.5170052330940962 0.741788006387651 0.354736011242494
-1 0.9672130972612649 0.002744444413110614 0.5118581315036863
-1 0.4863081374205649 0.15655686426907778 0.8236123388633132
1 0.015464490512385964 0.8857433323282748 0.9358972418121994
1 0.20093722851015627 0.7838424078654498 0.48736759764142334
-1 0.8231793851591647 0.7965025138109922 0.004818985005840659
1 0.3193429484963417 0.8692363817244768 0.34401989774778485
1 0.8820560607127845 0.554029833059758 0.15319099323824048
-1 0.283396715298295 0.46518054511398077 0.263331895461306
1 0.059478108771145344 0.3481757086701691 0.6124909301288426
-1 0.048722403356805444 0.5142666329629719 0.9717233483679593
1 0.8734505798202008 0.20920197665691376 0.08020989736542106
-1 0.4318627396132797 0.35054826200939715 0.35791199980303645
-1 0.5442731014918536 0.1710019032470882 0.09926030971109867
-1 0.6429912061430514 0.29781606257893145 0.6152315984945744
1 0.2619349299930036 0.773456274298951 0.4253001897595823
1 0.6540970304049551 0.18843915150500834 0.5870229543652385
-1 0.7767683907877654 0.06391596654430032 0.3993751935195178
-1 0.930979133117944 0.5480742081999779 0.8714210998732597
1 0.05349271255545318 0.4874104855116457 0.7689339783973992
-1 0.34840870392508805 0.9368748490232974 0.9410881050862372
1 0.09983117645606399 0.8182964674197137 0.671414072625339
1 0.09074439574033022 0.2804887881502509 0.2066749888472259
-1 0.21528544859029353 0.4042471810244024 0.4314262561965734
-1 0.9021936366334558 0.6345614069141448 0.22080130991525948
1 0.21562928962521255 0.6919579438399523 0.018178080674260855
-1 0.3414882111828774 0.05503399088047445 0.16213490930385888
1 0.8239643955603242 0.020728837000206113 0.8341740490868688
-1 0.1492656790651381 0.19688362907618284 0.5872693560086191
1 0.04856499517336488 0.5407165945507586 0.022756026359274983
-1 0.36591469310224056 0.3762560123577714 0.9101799454074353
-1 0.5935073243454099 0.0470515051856637 0.34582345210947096
-1 0.7874492153059691 0.9003711582627147 0.709367900621146
-1 0.3856285421643406 0.7620434584096074 0.672591719776392
-1 0.3713524660561234 0.43434785050339997 0.2781605231575668
-1 0.4357573913875967 0.5440139614511281 0.5543236450757831
-1 0.027500236872583628 0.9137374621350318 0.5018811046611518
-1 0.32692294870503247 0.3845357815735042 0.012304435018450022
-1 0.1327510813716799 0.46744016208685935 0.9390525969211012
-1 0.8396262205205858 0.2671627684030682 0.9613387624267489
-1 0.4296375513076782 0.4209198383614421 0.19214515946805477
-1 0.28586049540899694 0.1259804698638618 0.4360786317847669
-1 0.6154875126667321 0.1598270197864622 0.7339667484629899
-1 0.5447274732869118 0.4741455167531967 0.8282960206270218
-1 0.9813562624622136 0.8771917049307376 0.8615667773410678
1 0.3795857531949878 0.8162047534715384 0.05748647334985435
-1 0.7224193015135825 0.25165105634368956 0.4112733365036547
1 0.08925408823415637 0.2275490751489997 0.5538612459786236
-1 0.6483423882164061 0.6628050389699638 0.39061532728374004
-1 0.9648890495300293 0.9240398039110005 0.46304768859408796
-1 0.9447671840898693 0.334221379365772 0.12494531692937016
1 0.01965411170385778 0.5533670024015009 0.08595185144804418
-1 0.6993951017502695 0.1068821104709059 0.10465402319096029
-1 0.9415363040752709 0.9687436921522021 0.5464117291849107
-1 0.9459801453631371 0.06036061351187527 0.3439029057044536
1 0.2045964994467795 0.9145305908750743 0.856643645092845
-1 0.4265979044139385 0.48915103427134454 0.5099176040384918
-1 0.6199932578019798 0.42525593703612685 0.3774420893751085
-1 0.458984212949872 0.3192384336143732 0.8274094630032778
-1 0.811096704332158 0.13341882452368736 0.5620469325222075
-1 0.832091273739934 0.5298727569170296 0.630866339430213
-1 0.7548265501391143 0.5852814563550055 0.8308011083863676
-1 0.21898512705229223 0.2993035081308335 0.45994053361937404
-1 0.49787473399192095 0.6564790951088071 0.4512042684946209
-1 0.2581672570668161 0.7860124208964407 0.8447008871007711
-1 0.4104102838318795 0.542688864748925 0.6122630608733743
-1 0.7671487736515701 0.5040526338852942 0.11678191786631942
1 0.0509829199872911 0.3278437159024179 0.8805832301732153
1 0.09931097947992384 0.6631243366282433 0.01700856490060687
1 0.033003175631165504 0.9827435256447643 0.8529176507145166
-1 0.6431627043057233 0.1799372946843505 0.344434091122821
-1 0.9447255737613887 0.5209065889939666 0.16877967258915305
-1 0.4241847679950297 0.0040610372088849545 0.29755736561492085
1 0.351605566451326 0.4318823362700641 0.7039432043675333
-1 0.12579750665463507 0.06806358834728599 0.05182089121080935
-1 0.21461388003081083 0.31694361194968224 0.4927866456564516
-1 0.911324679851532 0.28937600809149444 0.549924444174394
-1 0.45416566473431885 0.8223325067665428 0.6746259010396898
1 0.10105970944277942 0.2727969449479133 0.55105593171902
1 0.7609237465076149 0.37658370239660144 0.7962842034175992
-1 0.8745089548174292 0.1795149079989642 0.7048262867610902
-1 0.11950186500325799 0.6892816293984652 0.5713313457090408
-1 0.3027221520897001 0.048132987692952156 0.7990444607567042
1 0.33802729146555066 0.5713791847229004 0.8103743873070925
-1 0.7191404865588993 0.9447804715018719 0.5531537442002445
-1 0.7672912238631397 0.3408713156823069 0.026682146824896336
-1 0.7306523793376982 0.9271036116406322 0.6969194042030722
-1 0.8289084127172828 0.29705674503929913 0.910570431035012
-1 0.5909406919963658 0.5885584000498056 0.6605247296392918
-1 0.5090285977348685 0.69859440298751 0.7743410069961101
1 0.004384564235806465 0.0964507341850549 0.734115848550573
-1 0.4960327255539596 0.50583091750741 0.23076135898008943
-1 0.2697271320503205 0.1473424364812672 0.5939813025761396
-1 0.35963650746271014 0.3402166557498276 0.0845378388185054
1 0.06726323836483061 0.7761242305859923 0.517043880186975
1 0.2635510661639273 0.869821026455611 0.7830803613178432
1 0.27389978780411184 0.5835009128786623 0.5099327701609582
-1 0.9331349886488169 0.4379444250371307 0.36008724733255804
-1 0.5327859460376203 0.03358081518672407 0.4017074827570468
1 0.598032136913389 0.5409006949048489 0.4753216407261789
-1 0.5156559087336063 0.2720523264724761 0.18443390005268157
-1 0.7274143809918314 0.1637139196973294 0.9193416810594499
1 0.8804557975381613 0.6058643574360758 0.7216821126639843
-1 0.6144797636661679 0.9341352779883891 0.4934162306599319
-1 0.3781265583820641 0.48559675831347704 0.39454681309871376
-1 0.9178416396025568 0.7225656292866915 0.09400144615210593
-1 0.06577503075823188 0.0010416943114250898 0.7259938733186573
-1 0.604578634025529 0.49840993410907686 0.27914618235081434
-1 0.35226068482734263 0.08197941211983562 0.01989121432416141
-1 0.7952606792096049 0.6311491895467043 0.5654130559414625
-1 0.7175975337158889 0.24190659495070577 0.6108460226096213
1 0.11089361412450671 0.4077476938255131 0.6793742538429797
-1 0.6246205598581582 0.8997097522951663 0.8345859420951456
1 0.39101512893103063 0.04345150990411639 0.3627350034657866
-1 0.9470005051698536 0.266030888305977 0.6323043243028224
1 0.07142296899110079 0.6331441400106996 0.4064633611124009
-1 0.617048927815631 0.26002058992162347 0.1458378320094198
-1 0.5868111732415855 0.23235036130063236 0.35227549308910966
-1 0.144494034582749 0.18070271355099976 0.9630294446833432
-1 0.36214445694349706 0.4493214620742947 0.16438498836942017
-1 0.07442126283422112 0.001363744493573904 0.5058110973332077
1 0.2768544249702245 0.5787683816161007 0.22478869720362127
-1 0.42008132860064507 0.18812266690656543 0.7452220786362886
1 0.08651830838061869 0.953021016670391 0.9417295092716813
-1 0.47576563130132854 0.004236720036715269 0.33801833842881024
1 0.20542540750466287 0.7129589288961142 0.5749379603657871
-1 0.5671208826825023 0.03998678596690297 0.9598673414438963
1 0.4887446048669517 0.014187317807227373 0.7171972347423434
1 0.45699919015169144 0.449348256457597 0.7407196392305195
-1 0.32149760355241597 0.4397690170444548 0.9306143620051444
1 0.04702967102639377 0.15324451262131333 0.0025955478195101023
-1 0.09596251184120774 0.15256793121807277 0.6358475473243743
1 0.2696070328820497 0.783110290998593 0.30069413664750755
-1 0.8528971150517464 0.7859650040045381 0.18297996907494962
1 0.22694972692988813 0.8360404435079545 0.6662564610596746
-1 0.9085416027810425 0.12503303517587483 0.5501974446233362
1 0.4214978620875627 0.7734258277341723 0.9189695741515607
1 0.04902754910290241 0.9673911458812654 0.8155480728019029
-1 0.607331964885816 0.272781623294577 0.4152332607191056
-1 0.19779438665136695 0.19917648984119296 0.14313414506614208
-1 0.44785246439278126 0.8304006156977266 0.20924141351133585
-1 0.2588643846102059 0.23744938103482127 0.15077331382781267
-1 0.061533549800515175 0.4013458190020174 0.11709241825155914
-1 0.35394078586250544 0.33554133935831487 0.8974812654778361
1 0.04161919024772942 0.4030530182644725 0.9246023062150925
-1 0.6113662291318178 0.9305140124633908 0.290084749693051
-1 0.8548027737997472 0.05437668412923813 0.473364089615643
-1 0.5650333929806948 0.7265127452556044 0.9768555024638772
-1 0.6206800213549286 0.8506254116073251 0.7854367387481034
-1 0.9210396120324731 0.42707881750538945 0.4741850660648197
-1 0.7521632520947605 0.462266567396 0.8451451454311609
-1 0.44418278825469315 0.6189801334403455 0.2013936003204435
-1 0.3016303500626236 0.2588076659012586 0.3249007030390203
-1 0.8261351075489074 0.2847583459224552 0.1663388239685446
1 0.43871048372238874 0.8914869243744761 0.4959395104087889
1 0.06005197553895414 0.7984878071583807 0.5599383860826492
1 0.7054441305808723 0.12703827861696482 0.5345119077246636
-1 0.8953522420488298 0.9994231921155006 0.7919020047411323
-1 0.5926575043704361 0.5711110264528543 0.20345189655199647
-1 0.8960997899994254 0.5368266352452338 0.10135593428276479
1 0.009238769765943289 0.5739039441104978 0.389166813576594
-1 0.5698574816342443 0.6777443962637335 0.7075595567002892
-1 0.5047523935791105 0.6474001279566437 0.7591075205709785
-1 0.5276836708653718 0.23842770024202764 0.8321664261166006
-1 0.9825368290767074 0.2095463378354907 0.1627666417043656
-1 0.6142320488579571 0.7161119885277003 0.6364283396396786
-1 0.6765874444972724 0.8438377499114722 0.37422165065072477
-1 0.4914536934811622 0.708396386122331 0.39396414649672806
1 0.7641459449660033 0.5707134651020169 0.09761721594259143
-1 0.5881423142272979 0.09014888922683895 0.271830978570506
-1 0.5985545245930552 0.957694933982566 0.2680862152483314
-1 0.4455527407117188 0.3245786514598876 0.11431602691300213
-1 0.5522592789493501 0.26750545483082533 0.20994832855649292
1 0.1285269868094474 0.4102340436074883 0.5281290232669562
-1 0.14732312806881964 0.011253337608650327 0.8009983194060624
1 0.019247533287853003 0.1800248643849045 0.8234831315930933
-1 0.32155154808424413 0.582846955396235 0.6930459795985371
-1 0.5991811074782163 0.15816821483895183 0.7418392142280936
-1 0.18819069280289114 0.10328781139105558 0.31175614008679986
-1 0.8985124449245632 0.18243608647026122 0.5337046789936721
-1 0.6692586473654956 0.7255858129356056 0.22345744259655476
-1 0.9950017149094492 0.03647044231183827 0.8009167737327516
-1 0.15170302707701921 0.28462630207650363 0.7798762947786599
-1 0.9393630544655025 0.9588229504879564 0.7204389194957912
-1 0.4998693340457976 0.6860122489742935 0.8011549368966371
-1 0.4889595778658986 0.05743462243117392 0.6710287132300436
-1 0.5277810597326607 0.8528938225936145 0.7521555034909397
-1 0.7294174432754517 0.5132618744391948 0.27645173855125904
-1 0.7465877090580761 0.9887911563273519 0.9951546571683139
-1 0.36585187120363116 0.3964304991532117 0.613477200968191
-1 0.21628596959635615 0.7334501165896654 0.05867630150169134
1 0.8384743691422045 0.6286094330716878 0.9080501808784902
-1 0.6471945948433131 0.78208984923549 0.24692318215966225
-1 0.6201493837870657 0.30211643292568624 0.19164683716371655
-1 0.7382366161327809 0.45836774772033095 0.4116246378980577
-1 0.28683120128698647 0.534876633901149 0.7188940804917365
-1 0.08397345221601427 0.15181949292309582 0.15186940087005496
-1 0.4853476418647915 0.8875296707265079 0.2537302663549781
-1 0.6505578570067883 0.5341528840363026 0.8885055426508188
-1 0.7911921283230186 0.27860033279284835 0.2849974527489394
-1 0.6268384454306215 0.8787900398019701 0.651201794622466
-1 0.9098136113025248 0.8901824257336557 0.9655640393029898
1 0.23260214226320386 0.6774600832723081 0.6626793823670596
-1 0.5847843857482076 0.5986998572479934 0.6109509805683047
-1 0.31811198219656944 0.4891804519575089 0.7551771821454167
1 0.014244277263060212 0.9305062352214009 0.850682039745152
-1 0.714621375547722 0.7732485118322074 0.6982213603332639
1 0.6324868588708341 0.8234513034112751 0.8071515159681439
-1 0.19435681751929224 0.1619300723541528 0.5841169524937868
1 0.16218966175802052 0.3407031304668635 0.833930553169921
-1 0.8391026305034757 0.10338981146924198 0.14152789185754955
-1 0.5295921198558062 0.6504279028158635 0.23890538862906396
-1 0.18905456457287073 0.5202630620915443 0.13089161342941225
-1 0.7039860105141997 0.774415090912953 0.8792248577810824
-1 0.9942628024145961 0.6650778062175959 0.47806240571662784
-1 0.8597099506296217 0.4644587414804846 0.21632000291720033
-1 0.21461286558769643 0.2782055295538157 0.9733478389680386
-1 0.45464768656529486 0.20374690019525588 0.47347225877456367
-1 0.8385411640629172 0.8959921619389206 0.7651422743219882
-1 0.5881283292546868 0.9767031769733876 0.059716053772717714
-1 0.6773083000443876 0.06693283445201814 0.8449715552851558
-1 0.6678299836348742 0.9565476374700665 0.6534559286665171
-1 0.7325711206067353 0.2706047734245658 0.10809945384971797
1 0.12399387080222368 0.8663493921048939 0.2933640298433602
-1 0.8360258105676621 0.42301923921331763 0.9948371832724661
-1 0.7492742624599487 0.5288532488048077 0.17531633051112294
-1 0.6647774237208068 0.9643508084118366 0.2368684725370258
1 0.0076417019590735435 0.8029752515722066 0.4296158847864717
-1 0.4864038983359933 0.6270860403310508 0.29958892753347754
1 0.0670321921352297 0.728696987265721 0.18143584113568068
-1 0.6027216475922614 0.8961681164801121 0.001652243547141552
1 0.13942023506388068 0.9984482838772237 0.976525985635817
1 0.014775279676541686 0.5519464546814561 0.49881784175522625
-1 0.2274748261552304 0.34432350588031113 0.05437794188037515
-1 0.4951284877024591 0.05448281252756715 0.3002247763797641
1 0.08698599436320364 0.4145662495866418 0.649629132123664
1 0.07794866734184325 0.540307693881914 0.6027140142396092
-1 0.5427961146924645 0.6876889523118734 0.0757159551139921
-1 0.6369508858770132 0.25235114246606827 0.04310592543333769
1 0.4384178896434605 0.9062316620256752 0.25788629287853837
1 0.08549715834669769 0.6698694012593478 0.6144665675237775
-1 0.6955593454185873 0.11433736351318657 0.6353046461008489
-1 0.7836998202838004 0.08941484498791397 0.12005741987377405
-1 0.574410209665075 0.6407137757632881 0.0023538547102361917
-1 0.6360212322324514 0.5334319961257279 0.6789430764038116
-1 0.49261040589772165 0.687515510013327 0.03563033905811608
-1 0.30528039252385497 0.13095589401200414 0.12922335974872112
1 0.16759369731880724 0.7962138953153044 0.5972527051344514
-1 0.890840362990275 0.9670401681214571 0.7194783387240022
-1 0.7412521126680076 0.6546891066245735 0.054478830425068736
-1 0.4302675179205835 0.8146975641138852 0.11006448045372963
-1 0.985874887323007 0.41747856070287526 0.16896591195836663
-1 0.42353383800946176 0.24917383771389723 0.4851394428405911
-1 0.9359738379716873 0.3673332876060158 0.12417330127209425
-1 0.878735959995538 0.5762861750554293 0.5464735710993409
-1 0.588931368663907 0.6197853290941566 0.8223639403004199
-1 0.8314076978713274 0.31808379013091326 0.02107161609455943
1 0.2121139105875045 0.5927135753445327 0.6629638916347176
-1 0.6844172398559749 0.8869429607875645 0.578972295857966
-1 0.5996788232587278 0.3241170719265938 0.9032384601887316
-1 0.8815896869637072 0.908528437372297 0.9223087558057159
-1 0.8854548027738929 0.8033247413113713 0.9987918015103787
-1 0.5088205207139254 0.0752765687648207 0.28705969825387
1 0.07125699263997376 0.6546375239267945 0.044812886975705624
1 0.03372188680805266 0.9844489605166018 0.39097794727422297
-1 0.543627463048324 0.7126064815092832 0.34031886514276266
-1 0.4602702814154327 0.6275903671048582 0.37122452445328236
1 0.0007221412379294634 0.9838033188134432 0.8270383563358337
-1 0.7284818487241864 0.4643428446725011 0.2544071017764509
-1 0.5146868387237191 0.8984687628690153 0.5199582292698324
1 0.27851439197547734 0.6432517585344613 0.8653258006088436
-1 0.7982767480425537 0.892177470959723 0.9750782055780292
-1 0.5084571379702538 0.6084641164634377 0.6641717096790671
-1 0.7472999899182469 0.8430141652934253 0.5374056969303638
-1 0.13561069197021425 0.1044885718729347 0.7563365632668138
1 0.7171989479102194 0.19376520905643702 0.6198593955487013
-1 0.7735925994347781 0.853828074876219 0.6018642110284418
-1 0.6837628250941634 0.3960066332947463 0.9976846079807729
-1 0.5134046387393028 0.6319624183233827 0.34411715460009873
-1 0.3221509458962828 0.41038037301041186 0.057443068362772465
-1 0.6762384192552418 0.4929522010497749 0.08246672316454351
1 0.37619184679351747 0.9462771019898355 0.4201680419500917
-1 0.37789581227116287 0.4817560787778348 0.0652633246500045
-1 0.6247644315008074 0.5692089742515236 0.8227952534798533
-1 0.47043126286007464 0.08930308162234724 0.10807114210911095
1 0.0881473587360233 0.1787279318086803 0.4575696282554418
-1 0.5584967671893537 0.7813121054787189 0.19161286996677518
1 0.0584153113886714 0.3767152957152575 0.07906021317467093
-1 0.7156568912323564 0.34586991323158145 0.97539909533225
-1 0.7747921531554312 0.3799640766810626 0.8758442422840744
-1 0.03380311140790582 0.5155594195239246 0.3524746443144977
1 0.31814071675762534 0.9053235733881593 0.9929447486065328
-1 0.8879137944895774 0.23755585122853518 0.24966060742735863
-1 0.5501070704776794 0.27110363985411823 0.13672185083851218
-1 0.10134016396477818 0.07640969636850059 0.5335379778407514
1 0.897786014713347 0.1221575504168868 0.5503117395564914
-1 0.8425651909783483 0.3784702892880887 0.9331271138507873
1 0.290009017335251 0.9285822075325996 0.2619324189145118
-1 0.6327861375175416 0.3056826626416296 0.5722592757083476
-1 0.3947052739094943 0.6333042457699776 0.5216685286723077
-1 0.46913491073064506 0.6711924734991044 0.6551003837957978
1 0.07656544260680676 0.38427842943929136 0.5415779980830848
-1 0.7132067803759128 0.06379388249479234 0.1809602528810501
-1 0.9450462250970304 0.20224626758135855 0.6470194794237614
-1 0.6426059326622635 0.17824799241498113 0.8064107384998351
1 0.06692202831618488 0.4874123497866094 0.0477398952934891
-1 0.009105317760258913 0.1608390798792243 0.7248062619473785
-1 0.6246054919902235 0.6114799848292023 0.8939687283709645
-1 0.33988289162516594 0.03962497739121318 0.29456723388284445
1 0.8873669861350209 0.3276403397321701 0.5341673179063946
1 0.49032048461958766 0.3219370001461357 0.5315695302560925
1 0.8619519385974854 0.7585447120945901 0.5269507081247866
-1 0.6274084493052214 0.9606660746503621 0.9236302580684423
1 0.15151925710961223 0.7114155900198966 0.7733952137641609
1 0.42127480264753103 0.5250040965620428 0.7558460612781346
-1 0.7381341073196381 0.4635796763468534 0.5012522744946182
-1 0.509419878013432 0.9355650278739631 0.32542392634786665
-1 0.3812861468177289 0.4273435892537236 0.0026655644178390503
1 0.08260070579126477 0.4744737697765231 0.753719984786585
-1 0.38351041777059436 0.6226776083931327 0.7627584808506072
-1 0.6385021973401308 0.1363575216382742 0.611942793475464
1 0.10897436738014221 0.6824226232711226 0.04135332233272493
1 0.8266842265147716 0.16462179948575795 0.17848716140724719
-1 0.8824207778088748 0.9774725949391723 0.8964775570202619
-1 0.7353712855838239 0.8308032746426761 0.4413604396395385
-1 0.7355890574399382 0.7032525613903999 0.7470413828268647
-1 0.2698927305173129 0.06441269535571337 0.33875170163810253
1 0.068742600036785 0.5603602644987404 0.10255540115758777
-1 0.5883784431498498 0.2539431522600353 0.6417901117820293
-1 0.12694191164337099 0.8128290153108537 0.18735612533055246
1 0.217238147277385 0.577713702339679 0.2253782527986914
-1 0.48742093215696514 0.2003914515953511 0.9569736367557198
-1 0.6967608495615423 0.40803414094261825 0.7926464737392962
-1 0.39361097710207105 0.6951253786683083 0.016155309742316604
-1 0.6853318957146257 0.35602020798251033 0.19427682110108435
1 0.12415604060515761 0.5840809762012213 0.9231386841274798
-1 0.864875751780346 0.607785806292668 0.38200616650283337
-1 0.7903923862613738 0.9232811781112105 0.9343712690752
1 0.3658773642964661 0.9246376606170088 0.30289126792922616
1 0.036365578416734934 0.6856309524737298 0.7957317996770144
-1 0.5487872927915305 0.6038478021509945 0.3151262169703841
1 0.1558131838683039 0.4460331187583506 0.9576967584434897
-1 0.2069988874718547 0.010302579728886485 0.7602328374050558
-1 0.49610240501351655 0.7988075707107782 0.45734222629107535
-1 0.2417185923550278 0.385923077352345 0.024416440399363637
-1 0.6737673913594335 0.10088933282531798 0.9770251743029803
1 0.06230793590657413 0.49193713278509676 0.4807960281614214
-1 0.966161435469985 0.003058175789192319 0.2890117969363928
-1 0.5036147919017822 0.11919676046818495 0.06937471008859575
1 0.8899009025190026 0.9585067417938262 0.9293883119244128
-1 0.935850182082504 0.1447867858223617 0.5577664726879448
1 0.44202779373154044 0.6566581409424543 0.46211923006922007
-1 0.8166931627783924 0.7754007659386843 0.5176532466430217
-1 0.3224722796585411 0.09378134179860353 0.9514500149525702
-1 0.5232936781831086 0.9939085901714861 0.09756854921579361
1 0.7003086186014116 0.5476929335854948 0.9300543994177133
-1 0.15083610406145453 0.526581751415506 0.29351267754100263
-1 0.8844633209519088 0.8220235938206315 0.2906932351179421
1 0.36339605576358736 0.9377421571407467 0.351710649440065
-1 0.4566011046990752 0.4067505793645978 0.6168263806030154
-1 0.3826826438307762 0.7433099253103137 0.8293723922688514
-1 0.9811353229451925 0.8418369982391596 0.4178159390576184
-1 0.49727522348985076 0.8042901321314275 0.2242922584991902
1 0.1332766111008823 0.9043711796402931 0.6097800550051033
-1 0.2340096076950431 0.2976211237255484 0.9262066502124071
-1 0.4089007389266044 0.37773835798725486 0.608248726464808
-1 0.919354107696563 0.9506428849417716 0.2527638226747513
-1 0.2567303122486919 0.9795313412323594 0.865001245867461
-1 0.6677863912191242 0.18711275327950716 0.6557086866814643
-1 0.49983188114129007 0.7907210821285844 0.6469111947808415
-1 0.89592718007043 0.6427796194329858 0.506577491061762
-1 0.3781641984824091 0.4058510495815426 0.3634182901587337
-1 0.553692999528721 0.9332141038030386 0.9697343944571912
-1 0.7843338230159134 0.6283077523112297 0.39083293196745217
-1 0.6151493585202843 0.2226423704996705 0.3863217607140541
-1 0.5148590742610395 0.7352137793786824 0.7791512215044349
-1 0.9598732173908502 0.49281005864031613 0.4093392104841769
1 0.001017330912873149 0.26674159010872245 0.3024951652623713
-1 0.7477305303327739 0.7752134487964213 0.19728969014249742
-1 0.6050937129184604 0.7752709817141294 0.25850584194995463
-1 0.5130112173501402 0.6609576914925128 0.06434863968752325
1 0.07132392842322588 0.9871873101219535 0.922198549611494
-1 0.6136940959841013 0.014321533963084221 0.22761561535298824
-1 0.9695922720711678 0.9439001407008618 0.665335999103263
1 0.5559781417250633 0.16420704103074968 0.6758788139559329
-1 0.5276236550416797 0.9686460443772376 0.7818370242603123
-1 0.9188348457682878 0.5641870095860213 0.39054720755666494
1 0.10427116393111646 0.9976110518909991 0.8354781290981919
-1 0.7420507315546274 0.3568801712244749 0.6163925989530981
1 0.16774972691200674 0.4619779100175947 0.45715567958541214
1 0.3718286172952503 0.1913581918925047 0.056532121263444424
-1 0.7901564280036837 0.35271480516530573 0.5229612297844142
-1 0.2918469107244164 0.10773816076107323 0.39902547700330615
-1 0.43222962226718664 0.020766993518918753 0.2766298050992191
-1 0.8074188481550664 0.9217938843648881 0.9776765292044729
-1 0.7118187646847218 0.09353410382755101 0.381593263708055
-1 0.7112453328445554 0.7400622044224292 0.3200554926879704
-1 0.9466624953784049 0.40394408628344536 0.13031965703703463
-1 0.8321491067763418 0.6147275711409748 0.5507785654626787
1 0.3740374380722642 0.7746244305744767 0.36495009157806635
-1 0.22920135594904423 0.2863077714573592 0.06393675785511732
-1 0.45904805487953126 0.8128670870792121 0.1040773659478873
-1 0.9390261515509337 0.778147672303021 0.07217826135456562
-1 0.2656513415277004 0.634897853480652 0.09823033772408962
-1 0.5327392504550517 0.15020389901474118 0.11303023365326226
-1 0.9532772582024336 0.5468407494481653 0.593159511918202
-1 0.6121352617628872 0.7539007521700114 0.8229730394668877
1 0.697238058084622 0.2348036819603294 0.6763294553384185
1 0.6359281258191913 0.7411730955354869 0.3828060694504529
-1 0.1703551358077675 0.40516131464391947 0.9260242246091366
-1 0.7681411253288388 0.3581635586451739 0.7333057587966323
-1 0.36046386417001486 0.15983159560710192 0.6638094356749207
1 0.15299364528618753 0.4265531173441559 0.6338322677183896
1 0.34557923255488276 0.7946147483307868 0.7590467014815658
-1 0.32191746891476214 0.2831189108546823 0.5902105674613267
1 0.6448000851087272 0.730426512658596 0.7036087319720536
-1 0.5755710317753255 0.39443790656514466 0.6309790296945721
-1 0.3078443396370858 0.30750753777101636 0.22165061440318823
1 0.9463618092704564 0.8075712199788541 0.49777687177993357
1 0.056759588653221726 0.17148669995367527 0.7688590683974326
-1 0.5834414700511843 0.4208823370281607 0.4091035104356706
1 0.06232137675397098 0.6423939929809421 0.12422240013256669
-1 0.542358239647001 0.6932591842487454 0.4929255312308669
-1 0.6411349929403514 0.6952884974889457 0.11053383722901344
-1 0.8877576300874352 0.48250382277183235 0.6862204051576555
1 0.5385529960040003 0.12121141096577048 0.3942928567994386
1 0.6108938455581665 0.2759666449856013 0.6403312131296843
-1 0.6229721223935485 0.17122844932600856 0.2476628990843892
-1 0.8553928583860397 0.7752986245322973 0.6024817868601531
1 0.09585779253393412 0.5239505008794367 0.6833313684910536
-1 0.2819301395211369 0.14917722530663013 0.6112530599348247
1 0.32089983439072967 0.939564919564873 0.35393054177984595
1 0.30471665039658546 0.94848628109321 0.017205275129526854
-1 0.9361602293793112 0.0019020156469196081 0.37193833524361253
-1 0.439115434885025 0.27415042161010206 0.8542669829912484
1 0.10038697253912687 0.8346571128349751 0.8709873475600034
1 0.03289928426966071 0.18418368487618864 0.6587752366904169
-1 0.43666822742670774 0.1675802522804588 0.4436928059440106
1 0.05435095145367086 0.851128748152405 0.7084562617819756
1 0.6295096194371581 0.0724630553741008 0.4238081688527018
1 0.05659854947589338 0.4301122650504112 0.7093210457824171
-1 0.6546857142820954 0.8943372401408851 0.0020311169791966677
-1 0.5827461790759116 0.9088978399522603 0.4428731477819383
-1 0.18743432988412678 0.30882070399820805 0.8485050469171256
1 0.1931163293775171 0.9938282889779657 0.6311524407938123
-1 0.5767209264449775 0.25422934303060174 0.8657909075263888
-1 0.7023417495656759 0.07896004826761782 0.6432440301869065
-1 0.5201902515254915 0.12569539155811071 0.27333130268380046
1 0.6955701233819127 0.9376414227299392 0.7923971991986036
1 0.021819400135427713 0.14900808036327362 0.5134256384335458
-1 0.7374415486119688 0.04321674979291856 0.3313070726580918
-1 0.6223124524112791 0.14519760687835515 0.8996305982582271
-1 0.908485961612314 0.9444247449282557 0.0024715212639421225
-1 0.5572577412240207 0.38738247426226735 0.5223640070762485
-1 0.944799974327907 0.6720996850635856 0.01779617671854794
-1 0.327822245657444 0.8583339443430305 0.6384284063242376
1 0.07082407386042178 0.8374723957385868 0.48419619514606893
-1 0.9561272002756596 0.8243174501694739 0.5777928591705859
-1 0.74557134648785 0.6525384404230863 0.2643198035657406
-1 0.5587640115991235 0.6747111696749926 0.9564219196327031
1 0.21662504877895117 0.6712910262867808 0.2363232474308461
1 0.02299340395256877 0.5738211865536869 0.7422582225408405
1 0.11115747503936291 0.19202094245702028 0.08991365623660386
1 0.9491161534097046 0.49818346300162375 0.24720182176679373
-1 0.437469236087054 0.3039751371834427 0.7055305403191596
-1 0.1604634220711887 0.29024837049655616 0.024956790497526526
1 0.029715707525610924 0.8968751055654138 0.49935023463331163
-1 0.10466066445223987 0.13507601711899042 0.3553339901845902
1 0.1090849437750876 0.7112533708568662 0.7354521523229778
-1 0.8135789029765874 0.6977814305573702 0.001866169273853302
-1 0.8220076111610979 0.9802554468624294 0.22607616591267288
-1 0.9598467738833278 0.0014752682764083147 0.6752142163459212
-1 0.3383978526107967 0.4894297400023788 0.43773124855943024
-1 0.6069340487010777 0.11899408511817455 0.5212880684994161
-1 0.7966372007504106 0.4798479415476322 0.7909740852192044
-1 0.5122604477219284 0.00571863166987896 0.03430615505203605
1 0.6476457130629569 0.14926674240268767 0.3625774139072746
-1 0.11852494277991354 0.8454033513553441 0.5576273445039988
-1 0.6389485094696283 0.22537893219850957 0.6386192187201232
-1 0.5380395706743002 0.6482661352492869 0.1747582769021392
-1 0.37668874324299395 0.7346075440291315 0.01161412033252418
-1 0.3248779331333935 0.649587077787146 0.051202653208747506
-1 0.8292156234383583 0.680021847365424 0.7711821491830051
-1 0.2772226829547435 0.4576584603637457 0.6294639164116234
1 0.19237991073168814 0.4447151410859078 0.0326545771677047
-1 0.37488322192803025 0.2885646128561348 0.8211827438790351
-1 0.5906635371502489 0.737806023331359 0.569718231447041
1 0.23620675271376967 0.8523468992207199 0.7677728114649653
-1 0.7041641727555543 0.31835220172069967 0.9381505490746349
-1 0.21564507484436035 0.1499880717601627 0.1741660584229976
-1 0.7812029144261032 0.8961544535122812 0.7756440516095608
-1 0.9427271478343755 0.4736473048105836 0.8589675158727914
-1 0.6852607361506671 0.24716426827944815 0.5169561493676156
-1 0.7781512734945863 0.01242668367922306 0.15848556347191334
-1 0.06325079360976815 0.45413503027521074 0.01881185476668179
1 0.6205435416195542 0.1596826061140746 0.9842062746174634
-1 0.9014533071313053 0.03250160627067089 0.2450182563625276
-1 0.8171655684709549 0.4355839646887034 0.6852011454757303
-1 0.9511229337658733 0.5840989414136857 0.42576596327126026
-1 0.6347462052945048 0.39679360017180443 0.2902263682335615
-1 0.8226989365648478 0.3766439452301711 0.9137475457973778
-1 0.28653175104409456 0.36782227410003543 0.7492067720741034
-1 0.7742727876175195 0.015585246961563826 0.10642610839568079
-1 0.6433808938600123 0.17204270558431745 0.8344192248769104
1 0.11979517061263323 0.7948359060101211 0.8236664414871484
1 0.0726677356287837 0.2957658402156085 0.5927802647929639
-1 0.6400062367320061 0.4053544639609754 0.6317320845555514
-1 0.5499596402514726 0.7813066190574318 0.9141504135914147
1 0.3956706782337278 0.7948217035736889 0.624435574747622
1 0.47097961767576635 0.946607337333262 0.22368554770946503
1 0.44542856980115175 0.961184196639806 0.227509398246184
-1 0.3631927103269845 0.3772330414503813 0.5168578317388892
-1 0.5388852953910828 0.22433218080550432 0.6280825389549136
1 0.09979848470538855 0.3643811952788383 0.7967386767268181
-1 0.5755558423697948 0.17630697786808014 0.8482213553506881
-1 0.8051429346669465 0.6232862900942564 0.8833993575535715
1 0.7058970255311579 0.3420192755293101 0.6434854785911739
-1 0.8494017228949815 0.6080312828999013 0.7796160068828613
1 0.34552148450165987 0.8338706032373011 0.6324124725069851
1 0.09489390067756176 0.7840623047668487 0.5849397941492498
-1 0.545819193823263 0.03876374172978103 0.9447296636644751
-1 0.2777395127341151 0.45875828550197184 0.4379547997377813
1 0.2402162381913513 0.938708184985444 0.925239629810676
-1 0.9985745151061565 0.19137471145950258 0.5040701113175601
-1 0.9632100674789399 0.4845246272161603 0.022283999482169747
1 0.1059804807882756 0.9012007177807391 0.6532654275652021
1 0.07621297868900001 0.07019791100174189 0.5544147090986371
-1 0.7571208919398487 0.7268362180329859 0.8071370858233422
-1 0.6014552153646946 0.17292397981509566 0.7796057956293225
1 0.06077065458521247 0.5867693063337356 0.3260968057438731
-1 0.5168039561249316 0.08556542382575572 0.7174202136229724
-1 0.30362381460145116 0.4984716020990163 0.29681613692082465
1 0.3728207910899073 0.09905042592436075 0.8803111014422029
-1 0.45090765599161386 0.6816642531193793 0.37963260849937797
1 0.06671741069294512 0.02647076779976487 0.06945207668468356
-1 0.6004423259291798 0.8298052435275167 0.5216979298274964
-1 0.5459066997282207 0.5950648775324225 0.12265161005780101
-1 0.7572244759649038 0.7800165759399533 0.8614345551468432
-1 0.308431128738448 0.08723752363584936 0.9228509112726897
-1 0.8992062075994909 0.7937049358151853 0.6795118555892259
1 0.22460662201046944 0.6197128812782466 0.3465453034732491
-1 0.7223219783045352 0.5302086379379034 0.6532233981415629
-1 0.8028415737207979 0.387607725802809 0.7166737476363778
-1 0.8817926468327641 0.8081729742698371 0.4846571544185281
-1 0.9214617353864014 0.8283596269320697 0.4739950255025178
-1 0.7846700118388981 0.6061554634943604 0.19765920052304864
1 0.23286536685191095 0.7494316746015102 0.1096503110602498
-1 0.9704757195431739 0.7027292880229652 0.4577320048119873
-1 0.2630107693839818 0.13182214950211346 0.7992067490704358
-1 0.8968737868126482 0.6315220082178712 0.47125714598223567
-1 0.37959222798235714 0.02009574742987752 0.15704542980529368
-1 0.9860204630531371 0.8559513734653592 0.9014250088948756
1 0.4032073637936264 0.8599832232575864 0.3717022589407861
1 0.30406351829878986 0.45223993994295597 0.6955599079374224
-1 0.9471964137628675 0.8265583966858685 0.017382061574608088
1 0.32188989594578743 0.7321299239993095 0.15263695735484362
-1 0.40888091386295855 0.05873614898882806 0.033852561842650175
-1 0.43195180012844503 0.044238761998713017 0.6800350944977254
1 0.17264378699474037 0.8904960069339722 0.540203342679888
1 0.016927657183259726 0.35134192556142807 0.5497951472643763
-1 0.03162952302955091 0.2604014000389725 0.8626785383094102
-1 0.6995563036762178 0.9742938727140427 0.6220399353187531
1 0.22723148693330586 0.9294737000018358 0.20139705995097756
-1 0.40081549482420087 0.5360899732913822 0.7595310236793011
-1 0.9147392916493118 0.7399688318837434 0.7253453945741057
-1 0.657420757226646 0.1282735327258706 0.8056908452417701
1 0.1658137694466859 0.5293516789097339 0.09361829492263496
1 0.039599252166226506 0.19612853275611997 0.07642478169873357
-1 0.9648621079977602 0.6375605568755418 0.4358846419490874
-1 0.19454564806073904 0.4914609531406313 0.9885774168651551
1 0.47932105395011604 0.9629333789926022 0.60006457939744
-1 0.6123913372866809 0.28420426952652633 0.20336496201343834
-1 0.6758847641758621 0.13757953396998346 0.6315029177349061
1 0.17677934560924768 0.49009531713090837 0.22326314263045788
-1 0.42110455431975424 0.4734195237979293 0.8638357135932893
1 0.3272782552521676 0.9611030430532992 0.5443124314770103
-1 0.2786661125719547 0.2231417300645262 0.0974527036305517
-1 0.6866260587703437 0.9301755938213319 0.9831132038962096
-1 0.6095832551363856 0.8010389842092991 0.6555008988361806
-1 0.9860636536031961 0.7233904192689806 0.969039358664304
-1 0.3398929878603667 0.40449070860631764 0.8675577358808368
-1 0.5342152023222297 0.8387961173430085 0.5467740034218878
-1 0.530530778458342 0.3588125070091337 0.4979134176392108
1 0.16142470529302955 0.5640147575177252 0.1558863625396043
-1 0.14100198447704315 0.27508902037516236 0.8294463716447353
1 0.156561546260491 0.9180127691943198 0.5698693299200386
1 0.1559468514751643 0.8869647569954395 0.9838244318962097
-1 0.9749821352306753 0.904997056350112 0.12110726977698505
1 0.3349234836641699 0.676986037986353 0.8871170599013567
-1 0.19421439850702882 0.9176757987588644 0.5276739520486444
-1 0.956735065439716 0.7814940069802105 0.3274465596769005
-1 0.4468914899043739 0.5767729787621647 0.2313796530943364
-1 0.7784669313114136 0.7954322025179863 0.7343910213094205
-1 0.9185029694344848 0.681326869642362 0.4557251741643995
-1 0.4122418914921582 0.7532978369854391 0.038453687680885196
-1 0.6566341568250209 0.20281221391633153 0.7469765581190586
1 0.19408463430590928 0.42220458458177745 0.23709031054750085
-1 0.5214550849050283 0.9761716320645064 0.4123086726758629
1 0.10934864659793675 0.5297449266072363 0.2311059571802616
1 0.3441916105803102 0.7295270839240402 0.38906250917352736
-1 0.1590675648767501 0.03788314154371619 0.8815955657046288
-1 0.6323723080568016 0.6614087757188827 0.3506756315473467
-1 0.6486325382720679 0.8006326805334538 0.5132183921523392
-1 0.6434257470536977 0.9444648681674153 0.754891672404483
-1 0.964393318630755 0.09858283353969455 0.5144687932915986
1 0.17812900594435632 0.6589691448025405 0.20714658056385815
-1 0.17407431360334158 0.7652110282797366 0.5633885632269084
-1 0.6760020349174738 0.19917670171707869 0.27469892520457506
-1 0.5630333160515875 0.41944393096491694 0.542595595587045
1 0.9760528022889048 0.3331542972009629 0.8754352752584964
-1 0.6320218499749899 0.3156897355802357 0.04812152753584087
-1 0.7722167251631618 0.9388502724468708 0.5476404454093426
1 0.27020690287463367 0.8004065554123372 0.28237864444963634
-1 0.28554586321115494 0.311436387244612 0.1954484386369586
-1 0.8382199201732874 0.15751142497174442 0.9776189192198217
-1 0.25025034905411303 0.025176025461405516 0.735082778846845
1 0.4478040176909417 0.9502905015833676 0.7953690795693547
-1 0.2209277965594083 0.31638554693199694 0.3152314352337271
-1 0.615964240161702 0.8009641515091062 0.28166681015864015
-1 0.35596821503713727 0.0664869979955256 0.7782087405212224
-1 0.7517436509951949 0.1197906588204205 0.8671622178517282
-1 0.5009162346832454 0.7472253416199237 0.5667058934923261
-1 0.5105753443203866 0.8582540743518621 0.3131400505080819
-1 0.4567542045842856 0.29133270028978586 0.639703517081216
-1 0.8537891653832048 0.7746566468849778 0.04716589115560055
1 0.22193192481063306 0.45074544684030116 0.9867247049696743
-1 0.9561609718948603 0.45371929509565234 0.5612172021064907
-1 0.8780964256729931 0.9926068412605673 0.8103285254910588
-1 0.20224710600450635 0.47135396488010883 0.38785361498594284
-1 0.5642886222340167 0.07107583549804986 0.6454263522755355
1 0.2003617505542934 0.5132944842334837 0.6811221006792039
-1 0.3721427598502487 0.7394194975495338 0.67189059429802
-1 0.7841938806232065 0.8656192233320326 0.2694124043919146
1 0.4100810158997774 0.9302417503204197 0.28262219741009176
-1 0.7861929980572313 0.9866932146251202 0.04005152313038707
-1 0.7967235166579485 0.9534329411108047 0.5652600454632193
1 0.00761926150880754 0.4639569765422493 0.9030626758467406
-1 0.6992031880654395 0.4507403178140521 0.8429052284918725
1 0.1098919773939997 0.2558961012400687 0.7250037430785596
-1 0.6048882254399359 0.052323562325909734 0.5390691228676587
1 0.23891531862318516 0.5763279448729008 0.1957925520837307
-1 0.6324488844256848 0.05377700552344322 0.6826740801334381
-1 0.4657957993913442 0.30775473988614976 0.9420806269627064
-1 0.6169619588181376 0.968691615620628 0.6317661551292986
-1 0.5846041340846568 0.4885672307573259 0.8238622504286468
-1 0.3138176870997995 0.08881956781260669 0.26126409717835486
1 0.10298079275526106 0.6366194826550782 0.14157980447635055
-1 0.5171632808633149 0.42323290137574077 0.7587346353102475
-1 0.32769508729688823 0.3857655534520745 0.29691319540143013
1 0.3825053432956338 0.41794881760142744 0.5315592642873526
1 0.08768008090555668 0.8314316025935113 0.5429099595639855
-1 0.6960528765339404 0.9251107957679778 0.922325489576906
-1 0.4860163596458733 0.8945004304405302 0.7067974847741425
-1 0.6136716736946255 0.5087695156689733 0.08539217058569193
-1 0.23427157569676638 0.044976956909522414 0.8312163811642677
1 0.24314696970395744 0.8847660433966666 0.3911008897703141
1 0.8873170509468764 0.47237076656892896 0.009105715667828918
-1 0.3304767969530076 0.48887463845312595 0.2562689809128642
-1 0.703993069473654 0.8691031115595251 0.9737994987517595
-1 0.42583974450826645 0.8235775723587722 0.951218182221055
1 0.38590223249047995 0.8701089851092547 0.043937991838902235
-1 0.4287796742282808 0.8407257169019431 0.1823735567741096
-1 0.47187683871015906 0.8009719680994749 0.517141783144325
-1 0.9017071141861379 0.7512442460283637 0.03246935736387968
1 0.5093259620480239 0.19994934042915702 0.984647786943242
-1 0.5213261118624359 0.3406443006824702 0.8322731810621917
-1 0.4074616578873247 0.6263232540804893 0.522075257031247
-1 0.6675482764840126 0.04568409826606512 0.6057445080950856
-1 0.8948337768670171 0.7814088524319232 0.9348327519837767
-1 0.18670250102877617 0.09742109454236925 0.39170351601205766
-1 0.6355914210435003 0.7502618909347802 0.3518299055285752
-1 0.2917047094088048 0.5446952027268708 0.8949191251304001
1 0.235166555037722 0.9294266328215599 0.37822561152279377
-1 0.6482826878782362 0.4545795754529536 0.15811840584501624
-1 0.10647671786136925 0.00041581131517887115 0.4574409013148397
1 0.9926965674385428 0.33679306088015437 0.6327275591902435
-1 0.6641967459581792 0.26192309567704797 0.5482976522762328
1 0.13790794415399432 0.446967301890254 0.7348355499561876
1 0.2505791112780571 0.7226793556474149 0.8362412843853235
1 0.03648876422084868 0.906587028875947 0.7500896437559277
-1 0.6812467414420098 0.8618364688009024 0.012339190812781453
-1 0.46253737597726285 0.46121776290237904 0.7824637861922383
-1 0.8591465747449547 0.6242018037009984 0.4052233451511711
-1 0.7116476793307811 0.9000871118623763 0.7364282156340778
-1 0.4001036898698658 0.061841502552852035 0.8799780642148107
-1 0.34859367390163243 0.2869445232208818 0.6516615545842797
-1 0.3738976973108947 0.29213058948516846 0.198056201916188
1 0.3892872156575322 0.9815313017461449 0.9416650850325823
1 0.18095327960327268 0.3874795336741954 0.06952691962942481
-1 0.034686082042753696 0.48577769473195076 0.32634644652716815
-1 0.9848074144683778 0.9951662318781018 0.05917250318452716
1 0.0190484004560858 0.5918923134449869 0.7535934748593718
1 0.07692058477550745 0.9462824170477688 0.3378362094517797
-1 0.9594985714647919 0.6572962293867022 0.1593529328238219
-1 0.2670799167826772 0.4144291360862553 0.2231330517679453
-1 0.43584967451170087 0.1744395107962191 0.2456393144093454
-1 0.8152186011429876 0.583558207610622 0.7593166984152049
-1 0.6416137707419693 0.20857905154116452 0.7366732729133219
-1 0.7084181909449399 0.5630412790924311 0.6989547365810722
1 0.3054813065100461 0.8538203977514058 0.19796069408766925
-1 0.44337735045701265 0.13111965847201645 0.19349664892069995
-1 0.8028688009362668 0.6410583809483796 0.39288307074457407
-1 0.5704818232916296 0.922180789289996 0.06551305879838765
-1 0.7748378529213369 0.20351587049663067 0.4348240001127124
1 0.2749919290654361 0.07409338350407779 0.7636794571299106
-1 0.9196110269986093 0.42064796667546034 0.37485572090372443
-1 0.6737992111593485 0.7399296921212226 0.10882970574311912
-1 0.5178253625053912 0.4264163398183882 0.2581629997584969
1 0.19322167336940765 0.6639801894780248 0.4493345043156296
-1 0.469899085117504 0.33995659393258393 0.4379042978398502
-1 0.9191510044038296 0.2627033651806414 0.6493577368091792
-1 0.6744984935503453 0.20070499437861145 0.7858883312437683
-1 0.9978240821510553 0.7554921482224017 0.541138417320326
-1 0.5195673364214599 0.9519142336212099 0.9774163574911654
-1 0.9638427186291665 0.1994043397717178 0.48062429507263005
1 0.25481767300516367 0.3424443353433162 0.22263459442183375
-1 0.08609504764899611 0.2142419619485736 0.6518686106428504
1 0.1283856702502817 0.5542215623427182 0.5223474621307105
1 0.1527351178228855 0.8894373227376491 0.551718729082495
-1 0.15831653913483024 0.4967231126502156 0.8936205247882754
1 0.28458039788529277 0.9205275909043849 0.9992198629770428
-1 0.37364317709580064 0.025268721859902143 0.6948405466973782
1 0.08284003543667495 0.8694590991362929 0.13057345990091562
-1 0.6755212598945946 0.495682229520753 0.3280268420930952
1 0.7279774490743876 0.3162561384961009 0.253802529303357
-1 0.6605275112669915 0.24496840359643102 0.8934553223662078
-1 0.7834482358302921 0.810772069497034 0.2273155173752457
-1 0.8171826801262796 0.7325947361532599 0.8174982792697847
-1 0.6747903518844396 0.6018178185913712 0.7593691304791719
-1 0.518306243699044 0.025473833084106445 0.31115696928463876
-1 0.27538777119480073 0.26454651122912765 0.7612831175792962
1 0.14879123936407268 0.8988542116712779 0.29718475695699453
-1 0.6162481673527509 0.9450951358303428 0.027164526749402285
-1 0.7523452884051949 0.8586242434103042 0.9824225085321814
-1 0.37014009174890816 0.5712682055309415 0.8933869933243841
-1 0.9271460804156959 0.5748768826015294 0.24911760003305972
-1 0.8744161233771592 0.7134482995606959 0.5627068243920803
1 0.6529406707268208 0.665543558076024 0.9127524245996028
-1 0.20805448526516557 0.2254680492915213 0.1707677668891847
1 0.19654034404084086 0.7370790138375014 0.5308384373784065
1 0.08333786064758897 0.4666717806831002 0.8945434016641229
-1 0.6248540678061545 0.1437791706994176 0.3145481536630541
1 0.11522503523156047 0.47772374632768333 0.36238506250083447
1 0.26464814110659063 0.5729562323540449 0.40224175597541034
-1 0.03180203982628882 0.47639249404892325 0.12923610117286444
-1 0.9307339182123542 0.9977640544530004 0.8140044587198645
-1 0.9414405587594956 0.2729723555967212 0.8085342601407319
-1 0.6889531025663018 0.014108116505667567 0.396701316582039
-1 0.22187112807296216 0.31513313157483935 0.7559890560805798
-1 0.7672734509687871 0.05015609273687005 0.517284567002207
-1 0.7248344081453979 0.6811023282352835 0.2757082146126777
-1 0.544111693976447 0.35549114528112113 0.5263794804923236
1 0.4060156380292028 0.4227010977920145 0.37421278725378215
-1 0.5359048179816455 0.3644440888892859 0.01718964078463614
-1 0.6241402162704617 0.3107281767297536 0.3581431417260319
1 0.12428992567583919 0.9109818271826953 0.00764430733397603
-1 0.22252897499129176 0.2386095158290118 0.04960553394630551
-1 0.42691348283551633 0.24749303073622286 0.22331266780383885
-1 0.4274013084359467 0.10559994191862643 0.9200886220205575
-1 0.2623092776630074 0.510783314704895 0.30403752345591784
-1 0.6874322732910514 0.47670366894453764 0.08704360597766936
1 0.0328958542086184 0.9829297123942524 0.154268195386976
-1 0.9580267758574337 0.34658099384978414 0.9725208024028689
1 0.26480724732391536 0.5307305778842419 0.8812885817606002
-1 0.4951453502289951 0.4426292043644935 0.7001919702161103
1 0.6404535477049649 0.26863918197341263 0.5927989720366895
-1 0.44919270323589444 0.8787095497827977 0.22675786609761417
-1 0.2214729345869273 0.16107222414575517 0.1850855415686965
-1 0.5375368758104742 0.039996974635869265 0.22684503230266273
1 0.9631315749138594 0.2881748997606337 0.8300055749714375
-1 0.6967046363279223 0.5233087209053338 0.29374836082570255
1 0.10678777936846018 0.3719828613102436 0.8064189802389592
-1 0.38786562206223607 0.3670067056082189 0.195943744154647
-1 0.7536446817684919 0.2156030850019306 0.32084073149599135
-1 0.8352491711266339 0.4759529144503176 0.6470245060045272
-1 0.3398903568740934 0.4484178132843226 0.926425909390673
-1 0.5624883242417127 0.741335165919736 0.38888237765058875
-1 0.6681477543897927 0.6498483051545918 0.8226117368321866
-1 0.39843080285936594 0.7402380870189518 0.5353973000310361
1 0.34883285872638226 0.48047198937274516 0.9475313676521182
1 0.024231201969087124 0.8864704659208655 0.8687476620543748
-1 0.881039269734174 0.11237166495993733 0.19637239165604115
1 0.24104035692289472 0.8689023763872683 0.26992237265221775
-1 0.8911569400224835 0.5332592281047255 0.7228562848176807
-1 0.7358674635179341 0.5267584840767086 0.48074269527569413
-1 0.3754549818113446 0.4136375996749848 0.9469267372041941
-1 0.8740562200546265 0.46389659377746284 0.040979370940476656
1 0.34764042613096535 0.9158938901964575 0.6564241705927998
-1 0.5452456453349441 0.8469730454962701 0.011977986665442586
-1 0.5502006120514125 0.11060512741096318 0.1919051823206246
-1 0.5578545164316893 0.20915312436409295 0.16803491837345064
1 0.29394046356901526 0.7334511722438037 0.08003452117554843
1 0.07823777315206826 0.5704702879302204 0.507062962744385
-1 0.19440999417565763 0.049096155213192105 0.10155006148852408
1 0.07093684957362711 0.9894493038300425 0.6392636939417571
1 0.8527713913936168 0.675793417962268 0.5705516217276454
-1 0.06438117404468358 0.7272120979614556 0.4944511568173766
1 0.10066606290638447 0.9559538185130805 0.7678943085484207
-1 0.34788553416728973 0.42364873737096786 0.4154144038911909
-1 0.6038383131381124 0.4044978776946664 0.21529371850192547
-1 0.9749105614610016 0.6329835981596261 0.9038559489417821
1 0.9787053735926747 0.12199601368047297 0.8214116990566254
-1 0.5307010144460946 0.5543081131763756 0.2837290996685624
1 0.9347994446288794 0.6107148448936641 0.2235219134017825
-1 0.5933978853281587 0.7280652143526822 0.04648486082442105
-1 0.7846736703068018 0.6194649836979806 0.09877912607043982
1 0.3223623554222286 0.37396103073842824 0.3556833725888282
-1 0.8739265000913292 0.7321796284522861 0.40497339190915227
-1 0.9082617731764913 0.9420487219467759 0.3594323000870645
-1 0.4037302974611521 0.18765463773161173 0.4872412965632975
-1 0.5336750179994851 0.12029749690555036 0.8859896750655025
-1 0.6297354658599943 0.13680643122643232 0.587895245756954
1 0.07427355227991939 0.1835375849623233 0.11529020429588854
-1 0.7490375516936183 0.04432846652343869 0.41795710613951087
1 0.013639752985909581 0.8749076577369124 0.3279363145120442
-1 0.6505129663273692 0.952419477282092 0.09225918794982135
1 0.2853906627278775 0.6626203239429742 0.9893722489941865
1 0.2132392053026706 0.5878528247121722 0.9012897422071546
-1 0.42465543700382113 0.521763568976894 0.4321960115339607
-1 0.258100803475827 0.456775905797258 0.6674724121112376
-1 0.9364165717270225 0.46064542979002 0.4584311705548316
-1 0.06254845717921853 0.8202267203014344 0.600876044947654
-1 0.14683478930965066 0.17059768782928586 0.8369007343426347
1 0.5311271802056581 0.05289534479379654 0.698062356794253
-1 0.01745852525345981 0.7381274064537138 0.18946667946875095
1 0.6782348840497434 0.3662976282648742 0.3453807139303535
-1 0.46929087676107883 0.21235399111174047 0.6429056022316217
-1 0.6746214735321701 0.29491228819824755 0.3518929004203528
-1 0.9531601709313691 0.5399080500937998 0.6904794918373227
1 0.3906404960434884 0.35974019719287753 0.9663987411186099
-1 0.4313183780759573 0.4330043101217598 0.08444723137654364
-1 0.2909684896003455 0.07932732859626412 0.13285367703065276
-1 0.1654030019417405 0.031886561308056116 0.7627633928786963
-1 0.10322280693799257 0.023538358509540558 0.2572249220684171
-1 0.9568139214534312 0.3217542478814721 0.35851666214875877
1 0.05360860819928348 0.7404952140059322 0.11749281990341842
-1 0.8919693287461996 0.34309896314516664 0.22791619272902608
1 0.33389058872126043 0.874783672625199 0.21510978369042277
-1 0.5925717763602734 0.004896125756204128 0.20014655240811408
-1 0.2650276282802224 0.33032017294317484 0.5082447740714997
1 0.5313376309350133 0.9928652509115636 0.39190045022405684
-1 0.814392248634249 0.5104219890199602 0.12825020565651357
1 0.03526212205179036 0.6527273841202259 0.645407458068803
1 0.0006177790928632021 0.21363231004215777 0.6237042164430022
1 0.16826622071675956 0.8203951518516988 0.6562380567193031
-1 0.7049273878801614 0.845414373325184 0.9940704314503819
-1 0.9882134506478906 0.39381028921343386 0.4647406537551433
1 0.6744257821701467 0.937369900289923 0.8344950450118631
1 0.14944517146795988 0.5064125489443541 0.5898142496589571
1 0.39865494216792285 0.8095758915878832 0.6624016945715994
-1 0.7750836054328829 0.5931087415665388 0.6957445845473558
-1 0.832368437666446 0.6724929243791848 0.13988461927510798
-1 0.6789006744511425 0.5072034096810967 0.04151896107941866
1 0.1441958744544536 0.9710617566015571 0.14468069025315344
-1 0.6662050981540233 0.7396352477371693 0.6044231101404876
-1 0.48875530646182597 0.46569225285202265 0.3986522511113435
-1 0.849416178651154 0.10276866843923926 0.1397331056650728
-1 0.27882815012708306 0.2670173409860581 0.3310155419167131
-1 0.23840893642045557 0.4570285747759044 0.06391408760100603
-1 0.5842376600485295 0.7258051377721131 0.32681032572872937
-1 0.9132822030223906 0.33942684438079596 0.9308226350694895
1 0.13465590425767004 0.8207180746831 0.4244377822615206
-1 0.6224208048079163 0.13887018663808703 0.7265328979119658
1 0.5396371334791183 0.588921494083479 0.24919713055714965
1 0.18318900396116078 0.7894387994892895 0.4500551582314074
-1 0.8038362823426723 0.24325328483246267 0.8447726806625724
-1 0.8299841906409711 0.4686603699810803 0.1401494110468775
-1 0.4227722662035376 0.5814125251490623 0.859995218925178
1 0.07491647638380527 0.7357217546086758 0.012069590855389833
-1 0.7128778439946473 0.29251801990903914 0.16920553799718618
1 0.04141646018251777 0.8962253709323704 0.9477080889046192
1 0.043270877096801996 0.9947671419940889 0.6471109811682254
-1 0.8199692699126899 0.0901246138382703 0.06049042800441384
-1 0.33375243679620326 0.49722704384475946 0.020709432661533356
-1 0.9963324663694948 0.8261173465289176 0.05254765157587826
1 0.5212625851854682 0.36077762953937054 0.7102149776183069
-1 0.5310896874871105 0.43786303140223026 0.598783863009885
-1 0.4551356793381274 0.14422692940570414 0.5213376267347485
-1 0.9970625427085906 0.08193211862817407 0.371944444719702
-1 0.4314441180322319 0.17198610864579678 0.9507619990035892
1 0.09696866804733872 0.1551121179945767 0.5804835478775203
1 0.19218076672405005 0.8116752519272268 0.2964856044854969
-1 0.4532113252207637 0.41920935921370983 0.3856483493000269
-1 0.5268765022046864 0.5125487532932311 0.29027574229985476
1 0.012380398577079177 0.3039474724791944 0.03834903729148209
-1 0.280883701518178 0.1834138911217451 0.971197533654049
1 0.21658843103796244 0.16977272718213499 0.9998443766962737
-1 0.3802469482179731 0.620402226690203 0.7695853707846254
-1 0.734574064379558 0.5350554122123867 0.1434661152306944
1 0.04963645129464567 0.8937900115270168 0.9314070544205606
1 0.8724040070082992 0.29443938424810767 0.8777116583660245
-1 0.39302278286777437 0.1692555898334831 0.6944293563719839
1 0.07999565824866295 0.3158841996919364 0.19764173962175846
-1 0.9350191499106586 0.38808447076007724 0.2816164558753371
-1 0.3700497488025576 0.015333617106080055 0.3182485974393785
-1 0.4409358443226665 0.2524609239771962 0.9149880018085241
-1 0.9136302014812827 0.6024192655459046 0.8297160482034087
1 0.026943765580654144 0.8194695191923529 0.8352847176138312
-1 0.9789478846359998 0.43586452561430633 0.6817965034861118
-1 0.30921538011170924 0.18422227073460817 0.5601454791612923
1 0.2276279372163117 0.9826623827684671 0.2557644483167678
-1 0.8122152124997228 0.28234480577521026 0.6941839936189353
-1 0.587280742591247 0.7193004949949682 0.12824253155849874
-1 0.7811014447361231 0.26130175683647394 0.3007194879464805
-1 0.902761488687247 0.9011473702266812 0.7720159669406712
-1 0.5724095865152776 0.5532271217089146 0.7619653437286615
-1 0.4672632426954806 0.6955282508861274 0.4645484595093876
-1 0.8737777662463486 0.1917066217865795 0.5222837429028004
-1 0.6312272581271827 0.19596133287996054 0.2129152303095907
1 0.3607206796295941 0.9469627435319126 0.7961390723939985
-1 0.7582485675811768 0.1826008278876543 0.2462654272094369
1 0.2335840433370322 0.5156245101243258 0.5078921730164438
-1 0.8534156647510827 0.06456717033870518 0.25044774916023016
1 0.18944273982197046 0.7012305569369346 0.006375114433467388
1 0.44043297972530127 0.19934849836863577 0.23616819852031767
1 0.6523813381791115 0.3148323178756982 0.37211465812288225
-1 0.3931543850339949 0.38064685510471463 0.15106427110731602
1 0.8877779326867312 0.7291606129147112 0.9358246049378067
1 0.18502575857564807 0.798387537477538 0.9436318941880018
-1 0.7222572723403573 0.24731670669279993 0.27829629345797
-1 0.812675918219611 0.5754264362622052 0.12179623753763735
1 0.27659242367371917 0.7888698999304324 0.2964615907985717
-1 0.6987831736914814 0.9824781566858292 0.08399270894005895
-1 0.6382849880028516 0.24080689600668848 0.7806774701457471
-1 0.6646981998346746 0.4777560834772885 0.06379516771994531
-1 0.7505232540424913 0.8859046171419322 0.8892786186188459
-1 0.6209262013435364 0.4940806794911623 0.425827166531235
-1 0.8259545632172376 0.9714856648351997 0.03548036119900644
-1 0.49016254232265055 0.8010752601549029 0.4479840260464698
-1 0.5586447308305651 0.3669685071799904 0.4175766599364579
-1 0.8410673008766025 0.6464350041933358 0.2442092273849994
1 0.00886558904312551 0.87919183797203 0.6342110731638968
1 0.08911541639827192 0.9212199633475393 0.6007705386728048
-1 0.7467993020545691 0.7584573130588979 0.11969698430038989
1 0.11706718313507736 0.7497655148617923 0.13034640392288566
-1 0.8619805625639856 0.36887285159900784 0.8905323627404869
-1 0.9425184864085168 0.40275838738307357 0.9452379432041198
-1 0.45393279241397977 0.3477517443243414 0.01776452106423676
-1 0.7678907902445644 0.026883148588240147 0.6904907163698226
-1 0.567950033582747 0.16843545460142195 0.8862943321000785
1 0.2481007103342563 0.3532034158706665 0.17754973587580025
1 0.1418066662736237 0.6723452624864876 0.19873629743233323
-1 0.6490941005758941 0.2393529952969402 0.6476430427283049
1 0.33060506428591907 0.886156128719449 0.4507178708445281
-1 0.6050468992907554 0.06866905279457569 0.18831907771527767
-1 0.4620951998513192 0.3987303350586444 0.18245519837364554
-1 0.7771522931288928 0.11599220265634358 0.3702757591381669
-1 0.1961223215330392 0.33952900767326355 0.6593354919459671
-1 0.649255353724584 0.1443096469156444 0.9503219595644623
-1 0.9284072378650308 0.22799489507451653 0.7630827506072819
1 0.07187942788004875 0.8889596171211451 0.7257554768584669
-1 0.8228129593189806 0.23928961041383445 0.5949629009701312
-1 0.3185889481101185 0.17722128541208804 0.28449058439582586
-1 0.4656230902764946 0.24923869501799345 0.8722997966688126
-1 0.500022096093744 0.4465278007555753 0.8561003119684756
1 0.06706966948695481 0.2733844043686986 0.9961113533936441
1 0.12078801775351167 0.7961616276297718 0.759028488304466
-1 0.6842839680612087 0.6615238017402589 0.29075643164105713
-1 0.8822169043123722 0.24690044857561588 0.6190515789203346
-1 0.26775379688479006 0.6036721193231642 0.21154473186470568
1 0.0585044517647475 0.8217867803759873 0.6615927796810865
1 0.2336465553380549 0.7694244382437319 0.5117886797524989
-1 0.7098992876708508 0.38552846130914986 0.00020819250494241714
-1 0.7625942637678236 0.6584524805657566 0.014007164165377617
-1 0.7688045033719391 0.57010657642968 0.0942612390499562
1 0.5670352443121374 0.7352587203495204 0.6188526498153806
1 0.2323399749584496 0.9378756773658097 0.7916965177282691
